|                        Routine | Total Min(s) | Total Mean(s) | Total Max(s) | Self Min(s) | Self Mean(s) | Self Max(s) | Max no. calls |   % time | Time per call(s) |
|                  __lfric_atm__ |      103.133 |     103.13387 |      103.135 |     0.00288 |      0.00429 |     0.00565 |             1 |  0.00416 |        103.13387 |
|                      __setup__ |      33.3581 |       33.3988 |      33.4318 |       6e-05 |      0.00049 |     0.00137 |             1 |  0.00047 |          33.3988 |
|                    __vernier__ |      0.12421 |       0.14171 |       0.1536 |     0.12421 |      0.14171 |      0.1536 |        622175 |  0.13741 |              0.0 |
|            aerosol.glomap_clim |      0.58942 |       0.69301 |       1.0101 |     0.58924 |      0.69277 |     1.00985 |           180 |  0.67172 |          0.00385 |
|                 aerosol.radaer |      0.14924 |       0.17619 |      0.19608 |     0.14896 |      0.17586 |     0.19577 |             3 |  0.17052 |          0.05873 |
|           aerosol.stratosphere |      0.00183 |       0.00293 |      0.00461 |     0.00183 |      0.00293 |     0.00461 |           180 |  0.00284 |            2e-05 |
|                    bl.explicit |      1.52702 |       3.20996 |      5.19019 |     0.83091 |      0.99147 |     1.12352 |           360 |  0.96134 |          0.00892 |
|                    bl.implicit |      3.60878 |       5.02136 |      6.69537 |     3.01705 |      4.48775 |     6.26021 |           360 |  4.35138 |          0.01395 |
|                          cloud |      0.44844 |       1.22902 |      2.14965 |     0.43817 |      1.21825 |      2.1367 |           180 |  1.18123 |          0.00683 |
|                   cloud.bm_tau |      0.12316 |       0.16346 |      0.19205 |     0.12316 |      0.16346 |     0.19205 |           180 |  0.15849 |          0.00091 |
|                   diags.bl_exp |      0.01851 |       0.02084 |      0.02387 |     0.00404 |       0.0047 |      0.0065 |           360 |  0.00455 |            6e-05 |
|                   diags.bl_imp |      0.06539 |       0.09576 |      0.18404 |     0.05068 |      0.05653 |     0.06242 |           540 |  0.05481 |          0.00018 |
|                   diags.blpert |      0.00384 |        0.0046 |      0.00559 |       4e-05 |        5e-05 |       7e-05 |           360 |    5e-05 |            1e-05 |
|                    diags.casim |      0.02124 |       0.02481 |      0.02864 |     0.01047 |      0.01273 |     0.01575 |           360 |  0.01234 |            7e-05 |
|                    diags.cloud |      0.10167 |       0.13731 |      0.15216 |     0.03942 |        0.044 |     0.04811 |           360 |  0.04266 |          0.00038 |
|                 diags.dynamics |      0.02757 |       0.02974 |      0.03199 |      0.0262 |      0.02824 |     0.03036 |           180 |  0.02738 |          0.00017 |
|                 diags.electric |      0.00824 |       0.00891 |      0.01015 |     0.00715 |      0.00772 |     0.00886 |           360 |  0.00749 |            2e-05 |
|              diags.glomap_clim |       0.0169 |       0.02024 |      0.02496 |     0.00036 |      0.00053 |     0.00098 |           180 |  0.00051 |          0.00011 |
|               diags.illuminate |      0.00335 |       0.00406 |      0.00573 |       6e-05 |        9e-05 |     0.00036 |           180 |    9e-05 |            2e-05 |
|                diags.jules_exp |      0.01766 |       0.36922 |      0.86327 |     0.00537 |      0.00586 |      0.0066 |           360 |  0.00569 |          0.00103 |
|                diags.jules_imp |      0.01236 |       0.01516 |      0.01959 |     0.00638 |      0.00762 |     0.00927 |           360 |  0.00739 |            4e-05 |
|             diags.jules_seaice |      0.00304 |       0.00407 |      0.00655 |      0.0005 |      0.00072 |       0.001 |           180 |   0.0007 |            2e-05 |
|               diags.jules_snow |      0.00691 |       0.01108 |      0.06011 |     0.00325 |      0.00368 |     0.00425 |           360 |  0.00357 |            3e-05 |
|               diags.jules_soil |      0.01137 |       0.07745 |      0.21774 |      0.0062 |        0.007 |     0.00783 |           360 |  0.00679 |          0.00022 |
|        diags.locate_tropopause |      0.00125 |       0.00152 |        0.002 |       1e-05 |        2e-05 |       6e-05 |           180 |    2e-05 |            1e-05 |
|             diags.microphysics |      0.01237 |       0.01435 |      0.01732 |       7e-05 |      0.00012 |     0.00037 |           180 |  0.00011 |            8e-05 |
|                     diags.pmsl |      0.05041 |       0.07619 |      0.08886 |      0.0186 |      0.02657 |     0.03001 |           180 |  0.02576 |          0.00042 |
|             diags.pressure_lev |      0.02017 |       0.02427 |      0.02636 |     0.01947 |       0.0234 |      0.0255 |           180 |  0.02269 |          0.00013 |
|                   diags.radaer |      0.00026 |       0.00036 |      0.00099 |     0.00025 |      0.00034 |     0.00098 |             9 |  0.00033 |            4e-05 |
|                diags.radiation |      0.26166 |       0.64628 |      1.28777 |     0.10257 |      0.10937 |     0.11719 |           360 |  0.10605 |           0.0018 |
|              diags.smagorinsky |      0.00409 |       0.00469 |      0.00534 |       5e-05 |        6e-05 |     0.00011 |           360 |    6e-05 |            1e-05 |
|  dynamics.compute_si_operators |      4.61222 |       4.88228 |      5.10014 |     2.53195 |      3.39478 |     3.56858 |           180 |  3.29162 |          0.02712 |
|       dynamics.phys_predictors |      0.88512 |       2.07684 |      3.58371 |     0.06044 |      0.08378 |     0.11022 |           360 |  0.08124 |          0.00577 |
|               dynamics.rhs_alg |      1.81189 |       2.88505 |      4.63524 |     1.13121 |      1.43679 |      1.5584 |           900 |  1.39313 |          0.00321 |
|               dynamics.rhs_lbc |      0.22903 |        0.2475 |      0.26718 |     0.13386 |      0.17805 |     0.20807 |           180 |  0.17264 |          0.00137 |
|                dynamics.solver |      3.98617 |       4.09265 |      4.20619 |       0.466 |      0.59849 |     0.62826 |           720 |   0.5803 |          0.00568 |
|             dynamics.transport |      19.9761 |      20.29201 |      22.9403 |     0.96206 |      1.00804 |     1.07356 |           360 |  0.97741 |          0.05637 |
|  dynamics.transport_predictors |       0.4916 |       0.51544 |       0.5651 |     0.01458 |      0.02055 |     0.02512 |           180 |  0.01993 |          0.00286 |
|                       electric |      0.11294 |       0.12704 |      0.14595 |     0.03276 |      0.03945 |      0.0519 |           180 |  0.03825 |          0.00071 |
|                   fast_physics |      8.60571 |       9.27574 |      11.0057 |      0.2621 |      0.44964 |     1.27511 |           360 |  0.43598 |          0.02577 |
|                field.halo_ex_1 |      7.54374 |      12.55384 |      17.4466 |     5.71905 |      10.6926 |     15.4024 |         46335 | 10.36769 |          0.00027 |
|                field.halo_ex_2 |      0.28806 |       0.64969 |      2.75324 |     0.22248 |      0.56423 |     2.69216 |          1986 |  0.54708 |          0.00033 |
|                field.halo_ex_6 |      0.25405 |       0.27004 |      0.29148 |     0.10183 |      0.11815 |     0.13923 |           466 |  0.11456 |          0.00058 |
|                field.halo_ex_7 |      1.12095 |       1.29799 |      1.37774 |     0.98247 |      1.15785 |     1.23847 |          5284 |  1.12266 |          0.00025 |
|                field.halo_ex_8 |      2.33575 |       2.70301 |      2.89573 |      2.2532 |      2.61954 |     2.81256 |         11248 |  2.53994 |          0.00024 |
|               field.initialise |      0.28696 |       0.34278 |      0.37747 |     0.28696 |      0.34278 |     0.37747 |        379964 |  0.33237 |              0.0 |
|                     field.read |      25.6815 |      25.72797 |      25.7617 |       2e-05 |        5e-05 |     0.00027 |            62 |    5e-05 |          0.41497 |
|                    field.write |      0.79537 |       1.26869 |      2.02133 |     0.08758 |      0.09693 |     0.10597 |         37951 |  0.09399 |            3e-05 |
|                 fs.constructor |      0.01292 |       0.02066 |      0.02416 |     0.01292 |      0.02066 |     0.02416 |            71 |  0.02003 |          0.00029 |
|      gungho_diagnostics_driver |      2.43196 |       2.57371 |      2.87186 |     1.91997 |      2.26202 |     2.46281 |           181 |  2.19328 |          0.01422 |
|         gungho_driver.finalise |      0.43749 |       0.48552 |      0.48593 |     0.01733 |      0.06565 |      0.0693 |             1 |  0.06365 |          0.48552 |
|   gungho_driver.first_timestep |      3.37061 |       3.40423 |      3.44512 |       3e-05 |        6e-05 |     0.00018 |             1 |    6e-05 |          3.40423 |
|       gungho_driver.initialise |      33.3572 |      33.39831 |      33.4311 |     0.94198 |      1.10673 |     1.18213 |             1 |   1.0731 |         33.39831 |
|        gungho_driver.mesh_init |        0.565 |       0.57766 |        0.584 |       0.565 |      0.57766 |       0.584 |             1 |   0.5601 |          0.57766 |
|         gungho_driver.timestep |      65.0804 |      65.09245 |      65.1477 |      0.0016 |      0.00207 |     0.00274 |           179 |  0.00201 |          0.36364 |
|                gungho_timestep |      65.3059 |      65.58245 |      65.8301 |     0.00875 |      0.01114 |     0.01378 |           180 |   0.0108 |          0.36435 |
|          halo_routing_creation |      2.23465 |       2.30806 |      2.55998 |     2.23465 |      2.30806 |     2.55998 |         65319 |  2.23792 |            4e-05 |
|                      init_lbcs |      0.05038 |       0.06398 |      0.09389 |     0.00703 |      0.01388 |     0.03631 |             1 |  0.01346 |          0.06398 |
|                 jules.explicit |      0.18405 |       0.39872 |      0.85116 |     0.17751 |      0.39175 |     0.84448 |           180 |  0.37985 |          0.00222 |
|                    jules.extra |      0.02379 |       0.14086 |      0.38226 |     0.01325 |      0.12956 |     0.36983 |           180 |  0.12562 |          0.00078 |
|                 jules.implicit |      0.26913 |       0.44225 |      0.74974 |     0.26211 |      0.43436 |     0.74149 |           720 |  0.42116 |          0.00061 |
|                jules.radiation |      0.05668 |       0.07561 |      0.10369 |     0.05114 |      0.06972 |     0.09697 |           180 |   0.0676 |          0.00042 |
|                   leonard_term |       0.2199 |       0.56543 |      1.92108 |     0.07066 |      0.09282 |     0.11247 |           180 |     0.09 |          0.00314 |
|    lfric_xios.finalise_context |      0.41631 |       0.41987 |      0.42065 |       1e-05 |        7e-05 |       9e-05 |             1 |    7e-05 |          0.41987 |
|        lfric_xios.init_context |       0.0559 |       0.08475 |      0.21162 |     0.03877 |      0.06891 |     0.19938 |             1 |  0.06681 |          0.08475 |
|           lfric_xios.read_fldg |      25.6815 |      25.72791 |      25.7616 |     25.6567 |     25.69473 |     25.7063 |            62 | 24.91396 |          0.41497 |
|          lfric_xios.write_fldg |       0.6956 |       1.17167 |      1.92344 |      0.6956 |      1.17167 |     1.92344 |           211 |  1.13607 |          0.00555 |
|              locate_tropopause |      0.00664 |       0.00831 |      0.01059 |     0.00615 |      0.00763 |     0.00961 |           180 |   0.0074 |            5e-05 |
|    mappings.map_physics_fields |      1.91558 |       2.87111 |      3.66127 |     1.74011 |      2.54094 |     3.48917 |           181 |  2.46373 |          0.01586 |
|              mappings.set_wind |       0.8879 |         1.061 |      1.98092 |      0.0423 |      0.08303 |     0.11864 |           180 |  0.08051 |          0.00589 |
|         mass_matrix_solver_alg |      1.31428 |       2.51829 |        4.044 |     0.78006 |      0.92422 |     1.05385 |          1082 |  0.89614 |          0.00233 |
|             microphysics.casim |      4.70737 |       6.30435 |      7.94281 |     4.69554 |      6.29292 |     7.93125 |           180 |   6.1017 |          0.03502 |
|    microphysics.casim_activate |       0.0054 |       0.00736 |      0.01047 |     0.00428 |      0.00621 |     0.00935 |           181 |  0.00602 |            4e-05 |
|      mixed_solver.schur_precon |      3.25049 |       3.31235 |      3.41351 |     0.00152 |      0.00205 |     0.00263 |           720 |  0.00199 |           0.0046 |
|  pressure_solver.helmholtz_lhs |      1.97368 |       2.03844 |      2.27489 |     1.24732 |      1.36902 |     1.54558 |         19440 |  1.32742 |           0.0001 |
|           radiation.illuminate |      0.03086 |       0.03418 |      0.04147 |     0.03086 |      0.03418 |     0.04147 |           180 |  0.03314 |          0.00019 |
|                   radiation.lw |      0.49743 |       0.79038 |      0.91255 |     0.49743 |      0.79038 |     0.91255 |           180 |  0.76636 |          0.00439 |
|                   radiation.sw |      0.00887 |       0.01344 |      0.01745 |     0.00887 |      0.01344 |     0.01745 |           180 |  0.01303 |            7e-05 |
|       runtime_constants.dycore |      0.34799 |       0.43675 |      0.45834 |     0.34799 |      0.43671 |     0.45834 |            13 |  0.42344 |           0.0336 |
|          runtime_constants.fem |      0.30654 |       0.34021 |      0.40014 |     0.18785 |      0.23956 |     0.26464 |            31 |  0.23228 |          0.01097 |
|    runtime_constants.geometric |      0.17919 |       0.21675 |      0.29412 |     0.06053 |      0.07991 |      0.0944 |            26 |  0.07748 |          0.00834 |
| runtime_constants.limited_area |      0.02062 |       0.02598 |      0.03045 |     0.00137 |      0.00472 |      0.0076 |            15 |  0.00458 |          0.00173 |
|      runtime_constants.mapping |      0.01997 |       0.02503 |       0.0358 |     0.01997 |      0.02503 |      0.0358 |             1 |  0.02427 |          0.02503 |
|      runtime_constants.physics |      0.25938 |       0.26395 |      0.26645 |     0.00052 |      0.00481 |     0.00779 |             1 |  0.00466 |          0.26395 |
|       runtime_constants.solver |      0.00055 |       0.00089 |       0.0018 |     0.00054 |      0.00088 |     0.00179 |            16 |  0.00085 |            6e-05 |
|    runtime_constants.transport |      0.00066 |       0.00138 |      0.00269 |     0.00065 |      0.00137 |     0.00268 |             4 |  0.00132 |          0.00035 |
|          schur_precon.back_sub |      0.25747 |       0.31516 |      0.38528 |     0.11347 |      0.14403 |     0.17146 |           720 |  0.13965 |          0.00044 |
|   schur_precon.pressure_solver |      2.69895 |        2.7573 |      2.93421 |     0.64455 |      0.70921 |     0.74219 |           720 |  0.68766 |          0.00383 |
|               schur_precon.rhs |      0.18333 |       0.23617 |      0.25496 |     0.18147 |      0.23378 |     0.25239 |           720 |  0.22668 |          0.00033 |
|         semi_implicit_timestep |      65.2953 |      65.57103 |        65.82 |     1.22123 |      1.48331 |     1.54689 |           180 |  1.43824 |          0.36428 |
|                   slow_physics |      15.3867 |      15.41663 |      15.4838 |     0.39644 |      0.71625 |     2.38179 |           180 |  0.69449 |          0.08565 |
|                    smagorinsky |       1.1665 |       2.37602 |      4.98907 |     0.32831 |      0.42823 |     0.53103 |           360 |  0.41522 |           0.0066 |
|            solver.mixed_solver |       3.3733 |       3.43252 |      3.53695 |     0.08633 |      0.10832 |     0.11953 |           720 |  0.10503 |          0.00477 |
|              stoch_phys.blpert |      0.19284 |       1.10716 |      3.39257 |     0.03445 |       0.0427 |     0.09374 |           360 |  0.04141 |          0.00308 |
|      transport.controller_init |      0.68173 |       0.72346 |      0.83325 |     0.42708 |      0.47352 |     0.63307 |           360 |  0.45913 |          0.00201 |
|      transport.ffsl_horizontal |      3.67866 |       3.81352 |       3.9234 |     1.59425 |      1.75379 |     2.08211 |          2340 |   1.7005 |          0.00163 |
|        transport.ffsl_vertical |      1.03517 |       1.10367 |      1.14717 |     0.87722 |      0.93871 |     0.98218 |          7200 |  0.91019 |          0.00015 |
|         transport.flux_precomp |      0.74916 |        0.8387 |      0.87304 |     0.23599 |      0.26171 |     0.27292 |          8460 |  0.25376 |           0.0001 |
|    transport.flux_precomp_init |      0.10731 |       0.13278 |      0.14274 |     0.10127 |      0.12517 |     0.13515 |          3240 |  0.12137 |            4e-05 |
|         transport.hori_dep_pts |      0.48292 |       0.56217 |      0.59123 |     0.17149 |      0.19689 |     0.21245 |          1080 |   0.1909 |          0.00052 |
|        transport.sl_horizontal |      3.21388 |       3.37866 |       3.4701 |     0.85456 |       0.9732 |     1.00483 |          2700 |  0.94363 |          0.00125 |
|          transport.sl_vertical |      1.41197 |       1.47711 |      1.59324 |     0.25625 |      0.27963 |     0.31056 |          2880 |  0.27113 |          0.00051 |
|                 transport.wind |      5.29435 |       5.43459 |      5.52069 |     1.17207 |      1.43589 |     1.53288 |           360 |  1.39226 |           0.0151 |
|         transport.wind_precomp |      0.83224 |       0.89329 |      1.09599 |     0.48106 |      0.54975 |      0.5751 |          2160 |  0.53304 |          0.00041 |
|   transport.wind_precomp_final |      6.66557 |       6.89417 |      9.50671 |     6.66557 |      6.89417 |     9.50671 |          2160 |  6.68468 |          0.00319 |
|    transport.wind_precomp_init |      0.15898 |       0.20694 |      0.22864 |     0.15305 |      0.19936 |      0.2213 |           360 |   0.1933 |          0.00057 |
|                    update_lbcs |      0.31159 |       0.38518 |      0.41192 |     0.28615 |      0.35812 |     0.38545 |           180 |  0.34724 |          0.00214 |
|  xios.close_context_definition |      5.35697 |       5.35974 |      5.39662 |     5.35697 |      5.35974 |     5.39662 |             1 |  5.19688 |          5.35974 |
|          xios.context_finalize |      0.41624 |        0.4198 |      0.42058 |     0.41624 |       0.4198 |     0.42058 |             1 |  0.40704 |           0.4198 |
|           xios.update_calendar |      0.73339 |       0.74991 |      0.79414 |     0.73339 |      0.74991 |     0.79414 |           182 |  0.72713 |          0.00412 |