|                        Routine | Total Min(s) | Total Mean(s) | Total Max(s) | Self Min(s) | Self Mean(s) | Self Max(s) | Max no. calls |   % time | Time per call(s) |
|                  __lfric_atm__ |      143.982 |     143.98314 |      143.984 |     0.00301 |      0.00451 |     0.00587 |             1 |  0.00313 |        143.98314 |
|                      __setup__ |      32.9331 |      33.00013 |      33.0569 |       6e-05 |      0.00048 |     0.00125 |             1 |  0.00033 |         33.00013 |
|                    __vernier__ |      0.12784 |       0.17371 |      0.18619 |     0.12784 |      0.17371 |     0.18619 |        622263 |  0.12064 |              0.0 |
|            aerosol.glomap_clim |      1.00253 |       1.22262 |       1.2663 |     1.00236 |      1.22235 |       1.266 |           180 |  0.84895 |          0.00679 |
|                 aerosol.radaer |      0.24042 |       0.31276 |      0.33696 |     0.24015 |      0.31242 |     0.33665 |             3 |  0.21699 |          0.10425 |
|           aerosol.stratosphere |      0.00228 |       0.00506 |      0.00869 |     0.00228 |      0.00506 |     0.00869 |           180 |  0.00351 |            3e-05 |
|                    bl.explicit |      2.56912 |       5.43933 |      8.64474 |     1.50828 |      1.95952 |     2.28609 |           360 |  1.36093 |          0.01511 |
|                    bl.implicit |      8.91864 |      11.49727 |      14.3341 |     8.14162 |      10.8101 |     13.8567 |           360 |  7.50789 |          0.03194 |
|                          cloud |      1.00347 |       2.38241 |      3.98925 |     0.99155 |      2.37084 |     3.97751 |           180 |  1.64661 |          0.01324 |
|                   cloud.bm_tau |       0.4233 |       0.49762 |       0.5801 |      0.4233 |      0.49762 |      0.5801 |           180 |  0.34561 |          0.00276 |
|                   diags.bl_exp |      0.02042 |       0.02582 |      0.03086 |      0.0041 |      0.00503 |     0.00777 |           360 |  0.00349 |            7e-05 |
|                   diags.bl_imp |      0.06781 |       0.08104 |       0.1134 |     0.05249 |      0.05871 |      0.0648 |           540 |  0.04078 |          0.00015 |
|                   diags.blpert |      0.00401 |       0.00509 |      0.00646 |       4e-05 |        5e-05 |       8e-05 |           360 |    3e-05 |            1e-05 |
|                    diags.casim |      0.02556 |       0.03084 |      0.03811 |     0.01122 |      0.01477 |     0.01871 |           360 |  0.01025 |            9e-05 |
|                    diags.cloud |      0.07719 |       0.12887 |      0.14231 |     0.04182 |       0.0478 |     0.05356 |           360 |   0.0332 |          0.00036 |
|                 diags.dynamics |      0.02788 |       0.03003 |       0.0321 |     0.02653 |      0.02853 |     0.03054 |           180 |  0.01981 |          0.00017 |
|                 diags.electric |      0.00846 |       0.00924 |      0.01099 |     0.00729 |      0.00797 |     0.00935 |           360 |  0.00554 |            3e-05 |
|              diags.glomap_clim |      0.01757 |       0.02273 |      0.03129 |     0.00035 |      0.00056 |      0.0012 |           180 |  0.00039 |          0.00013 |
|               diags.illuminate |       0.0035 |       0.00439 |      0.00702 |       6e-05 |      0.00012 |     0.00089 |           180 |    9e-05 |            2e-05 |
|                diags.jules_exp |      0.11568 |       0.33642 |      0.71858 |     0.00545 |      0.00601 |     0.00691 |           360 |  0.00418 |          0.00093 |
|                diags.jules_imp |      0.01397 |       0.01737 |      0.02455 |     0.00678 |      0.00779 |     0.00952 |           360 |  0.00541 |            5e-05 |
|             diags.jules_seaice |      0.00311 |       0.00443 |      0.00661 |     0.00062 |       0.0009 |     0.00141 |           180 |  0.00062 |            2e-05 |
|               diags.jules_snow |      0.00712 |       0.00924 |      0.01892 |     0.00349 |      0.00398 |     0.00494 |           360 |  0.00277 |            3e-05 |
|               diags.jules_soil |      0.01285 |       0.05364 |      0.11528 |     0.00652 |      0.00738 |     0.00818 |           360 |  0.00513 |          0.00015 |
|        diags.locate_tropopause |      0.00111 |        0.0018 |      0.00262 |       1e-05 |        2e-05 |       4e-05 |           180 |    1e-05 |            1e-05 |
|             diags.microphysics |      0.01508 |       0.01926 |      0.02502 |       9e-05 |      0.00016 |     0.00098 |           180 |  0.00011 |          0.00011 |
|                     diags.pmsl |      0.05997 |       0.08372 |      0.09024 |     0.02398 |      0.03545 |     0.04144 |           180 |  0.02462 |          0.00047 |
|             diags.pressure_lev |      0.01972 |        0.0252 |      0.02724 |     0.01903 |      0.02431 |     0.02633 |           180 |  0.01688 |          0.00014 |
|                   diags.radaer |      0.00026 |       0.00036 |      0.00082 |     0.00025 |      0.00035 |     0.00081 |             9 |  0.00024 |            4e-05 |
|                diags.radiation |      0.39736 |       0.76819 |      1.42866 |     0.10377 |      0.11141 |      0.1227 |           360 |  0.07738 |          0.00213 |
|              diags.smagorinsky |      0.00467 |       0.00668 |      0.00823 |       6e-05 |        9e-05 |     0.00018 |           360 |    6e-05 |            2e-05 |
|  dynamics.compute_si_operators |      7.46297 |       7.86345 |      8.34983 |     3.95541 |      5.74742 |     6.11864 |           180 |  3.99173 |          0.04369 |
|       dynamics.phys_predictors |      1.48073 |          2.72 |      3.84119 |     0.10339 |      0.15177 |     0.20405 |           360 |  0.10541 |          0.00756 |
|               dynamics.rhs_alg |      3.22046 |       4.18078 |      5.74687 |     1.59895 |       2.6463 |     2.93758 |           900 |  1.83792 |          0.00465 |
|               dynamics.rhs_lbc |      0.39036 |       0.43028 |      0.47533 |     0.17032 |      0.32546 |     0.38959 |           180 |  0.22604 |          0.00239 |
|                dynamics.solver |      6.91998 |       7.10012 |      7.17289 |     0.57073 |      1.15727 |     1.23975 |           720 |  0.80375 |          0.00986 |
|             dynamics.transport |      27.5465 |      27.96132 |      30.3633 |     1.45932 |      1.56332 |     1.66378 |           360 |  1.08576 |          0.07767 |
|  dynamics.transport_predictors |      0.78053 |       0.83121 |      0.92677 |     0.01919 |      0.03377 |     0.04272 |           180 |  0.02346 |          0.00462 |
|                       electric |      0.15798 |       0.17901 |      0.20199 |     0.05477 |      0.06714 |     0.08951 |           180 |  0.04663 |          0.00099 |
|                   fast_physics |      16.7424 |      17.19146 |      18.3622 |     0.39015 |      0.50141 |     0.81637 |           360 |  0.34825 |          0.04775 |
|                field.halo_ex_1 |      12.1736 |      18.07238 |      28.1806 |      8.5172 |     14.43911 |      24.275 |         46335 | 10.02833 |          0.00039 |
|                field.halo_ex_2 |      0.36686 |       0.73983 |      2.53644 |     0.29946 |      0.61608 |     2.44871 |          1986 |  0.42789 |          0.00037 |
|                field.halo_ex_6 |      0.27695 |       0.28728 |      0.32716 |     0.07449 |      0.08749 |     0.12381 |           277 |  0.06076 |          0.00104 |
|                field.halo_ex_7 |      1.33676 |       1.53286 |      1.87401 |     1.14961 |      1.34524 |     1.69204 |          4896 |   0.9343 |          0.00031 |
|                field.halo_ex_8 |      3.10779 |       3.75458 |       4.1404 |     2.98884 |       3.6358 |     4.02251 |         11825 |  2.52516 |          0.00032 |
|               field.initialise |      0.31038 |       0.43802 |      0.50771 |     0.31038 |      0.43802 |     0.50771 |        380048 |  0.30421 |              0.0 |
|                     field.read |      24.6355 |      24.95054 |      25.0022 |       2e-05 |        5e-05 |     0.00025 |            62 |    4e-05 |          0.40243 |
|                    field.write |      0.74813 |        1.2892 |      1.93316 |     0.08846 |      0.10536 |     0.11656 |         37951 |  0.07318 |            3e-05 |
|                 fs.constructor |      0.01816 |       0.02756 |      0.03243 |     0.01816 |      0.02756 |     0.03243 |            71 |  0.01914 |          0.00039 |
|      gungho_diagnostics_driver |       4.1744 |       4.42738 |      4.93462 |     3.14924 |      4.04602 |     4.64006 |           181 |  2.81006 |          0.02446 |
|         gungho_driver.finalise |      0.66867 |       0.67153 |      0.67178 |     0.01786 |      0.02176 |     0.02419 |             1 |  0.01511 |          0.67153 |
|   gungho_driver.first_timestep |      5.93196 |       5.98869 |      6.05581 |       3e-05 |        7e-05 |     0.00016 |             1 |    5e-05 |          5.98869 |
|       gungho_driver.initialise |      32.9324 |      32.99965 |      33.0562 |     1.20656 |      1.40949 |     1.54479 |             1 |  0.97892 |         32.99965 |
|        gungho_driver.mesh_init |       0.8396 |       0.85863 |      0.86594 |      0.8396 |      0.85863 |     0.86594 |             1 |  0.59634 |          0.85863 |
|         gungho_driver.timestep |      103.574 |     103.58619 |      103.605 |     0.00162 |       0.0023 |     0.00292 |           179 |   0.0016 |          0.57869 |
|                gungho_timestep |       104.12 |     104.57518 |      105.074 |     0.00905 |      0.01413 |     0.01705 |           180 |  0.00981 |          0.58097 |
|          halo_routing_creation |      4.13458 |       4.24529 |      4.61351 |     4.13458 |      4.24529 |     4.61351 |         65319 |  2.94846 |            6e-05 |
|                      init_lbcs |      0.06715 |       0.08498 |       0.1418 |     0.01215 |      0.02079 |     0.07573 |             1 |  0.01444 |          0.08498 |
|                 jules.explicit |      0.22554 |        0.5596 |      1.29612 |     0.21892 |      0.55243 |     1.28851 |           180 |  0.38368 |          0.00311 |
|                    jules.extra |      0.02525 |       0.20405 |      0.63515 |     0.01459 |      0.19209 |     0.62289 |           180 |  0.13341 |          0.00113 |
|                 jules.implicit |       0.3056 |       0.58133 |      1.13141 |     0.29758 |      0.57234 |     1.12161 |           720 |  0.39751 |          0.00081 |
|                jules.radiation |      0.08708 |       0.11229 |      0.17098 |      0.0795 |      0.10469 |     0.16312 |           180 |  0.07271 |          0.00062 |
|                   leonard_term |      0.27853 |       0.69163 |      2.97658 |     0.09868 |      0.14517 |     0.17522 |           180 |  0.10082 |          0.00384 |
|    lfric_xios.finalise_context |      0.64737 |       0.64976 |      0.65166 |       1e-05 |        7e-05 |       8e-05 |             1 |    5e-05 |          0.64976 |
|        lfric_xios.init_context |      0.06738 |       0.15274 |      0.29444 |     0.05617 |      0.14124 |     0.28084 |             1 |   0.0981 |          0.15274 |
|           lfric_xios.read_fldg |      24.6354 |      24.95047 |      25.0022 |     24.5613 |     24.88031 |     24.9074 |            62 | 17.28001 |          0.40243 |
|          lfric_xios.write_fldg |      0.65282 |       1.18374 |      1.82507 |     0.65282 |      1.18374 |     1.82507 |           211 |  0.82214 |          0.00561 |
|              locate_tropopause |      0.00999 |       0.01274 |      0.01649 |     0.00944 |      0.01202 |     0.01557 |           180 |  0.00835 |            7e-05 |
|    mappings.map_physics_fields |      3.11462 |       4.72613 |      6.11068 |      2.8624 |      4.11675 |     5.67655 |           181 |  2.85919 |          0.02611 |
|              mappings.set_wind |      2.49957 |       2.73459 |      4.55264 |     0.06789 |      0.15287 |     0.22671 |           180 |  0.10617 |          0.01519 |
|         mass_matrix_solver_alg |      2.18127 |       3.42194 |      4.57933 |     1.17573 |      1.60335 |     1.81633 |          1082 |  1.11357 |          0.00316 |
|             microphysics.casim |      8.36077 |      11.10741 |      13.7083 |      8.3485 |     11.09464 |     13.6963 |           180 |  7.70551 |          0.06171 |
|    microphysics.casim_activate |      0.00754 |       0.01207 |       0.0173 |     0.00636 |      0.01078 |     0.01604 |           181 |  0.00749 |            7e-05 |
|      mixed_solver.schur_precon |      5.44589 |       5.63795 |       5.9406 |     0.00167 |       0.0024 |     0.00302 |           720 |  0.00167 |          0.00783 |
|  pressure_solver.helmholtz_lhs |      3.11187 |       3.31569 |      4.20909 |     2.12736 |      2.42437 |     2.51956 |         19440 |  1.68379 |          0.00017 |
|           radiation.illuminate |      0.05008 |       0.05596 |      0.07243 |     0.05008 |      0.05596 |     0.07243 |           180 |  0.03887 |          0.00031 |
|                   radiation.lw |      0.86774 |       1.35456 |        1.501 |     0.86774 |      1.35456 |       1.501 |           180 |  0.94078 |          0.00753 |
|                   radiation.sw |      0.01244 |       0.01827 |       0.0238 |     0.01244 |      0.01827 |      0.0238 |           180 |  0.01269 |           0.0001 |
|       runtime_constants.dycore |      0.54584 |        0.7377 |      0.76519 |     0.54583 |      0.73769 |     0.76518 |            13 |  0.51234 |          0.05675 |
|          runtime_constants.fem |       0.5034 |       0.55774 |      0.63167 |     0.29918 |      0.40306 |     0.42088 |            31 |  0.27993 |          0.01799 |
|    runtime_constants.geometric |       0.2675 |        0.2996 |      0.40738 |     0.09636 |      0.13436 |     0.14944 |            26 |  0.09332 |          0.01152 |
| runtime_constants.limited_area |      0.02585 |       0.03173 |      0.03684 |     0.00189 |       0.0065 |     0.01059 |            15 |  0.00452 |          0.00212 |
|      runtime_constants.mapping |      0.03189 |       0.04311 |      0.04642 |     0.03189 |      0.04311 |     0.04642 |             1 |  0.02994 |          0.04311 |
|      runtime_constants.physics |      0.33297 |       0.33666 |       0.3386 |     0.00074 |      0.00483 |     0.00771 |             1 |  0.00335 |          0.33666 |
|       runtime_constants.solver |      0.00073 |       0.00108 |      0.00167 |     0.00072 |      0.00107 |     0.00166 |            16 |  0.00074 |            7e-05 |
|    runtime_constants.transport |      0.00094 |       0.00177 |        0.003 |     0.00093 |      0.00176 |     0.00298 |             4 |  0.00122 |          0.00044 |
|          schur_precon.back_sub |      0.47314 |       0.59475 |      0.64395 |     0.16868 |      0.36903 |     0.41141 |           720 |   0.2563 |          0.00083 |
|   schur_precon.pressure_solver |      4.36512 |       4.57679 |      5.26507 |     1.04623 |      1.24935 |     1.28859 |           720 |  0.86771 |          0.00636 |
|               schur_precon.rhs |      0.19955 |       0.46145 |      0.49325 |     0.19725 |      0.45797 |      0.4895 |           720 |  0.31807 |          0.00064 |
|         semi_implicit_timestep |      104.109 |     104.56066 |      105.064 |     1.66732 |      2.62689 |     2.81874 |           180 |  1.82444 |          0.58089 |
|                   slow_physics |      26.1475 |      26.18558 |      26.3213 |     0.37178 |      0.70135 |     1.23355 |           180 |   0.4871 |          0.14548 |
|                    smagorinsky |      1.83915 |       3.07478 |      5.66111 |     0.49255 |      0.77318 |     0.98234 |           360 |    0.537 |          0.00854 |
|            solver.mixed_solver |      5.67629 |         5.837 |      6.04889 |     0.10051 |      0.18681 |     0.21394 |           720 |  0.12975 |          0.00811 |
|              stoch_phys.blpert |      0.28065 |       1.80907 |      4.30753 |     0.03996 |      0.05058 |      0.0607 |           360 |  0.03513 |          0.00503 |
|      transport.controller_init |      0.94339 |       1.01881 |      1.39453 |     0.55423 |      0.63708 |     1.09412 |           360 |  0.44247 |          0.00283 |
|      transport.ffsl_horizontal |      5.73261 |       5.88947 |      6.07199 |     2.71483 |      3.10503 |     3.70557 |          2340 |  2.15653 |          0.00252 |
|        transport.ffsl_vertical |      1.71273 |       1.86892 |      1.94854 |     1.45508 |      1.58912 |     1.66947 |          7200 |  1.10369 |          0.00026 |
|         transport.flux_precomp |      1.11015 |       1.28108 |      1.34892 |     0.35305 |       0.4636 |     0.48677 |          8460 |  0.32198 |          0.00015 |
|    transport.flux_precomp_init |      0.13938 |       0.22735 |      0.23869 |     0.13302 |      0.21827 |     0.23009 |          3244 |  0.15159 |            7e-05 |
|         transport.hori_dep_pts |      0.67811 |       0.80003 |      0.86291 |     0.26614 |      0.34487 |     0.37536 |          1080 |  0.23952 |          0.00074 |
|        transport.sl_horizontal |      4.63578 |       4.86712 |       5.0691 |     1.42103 |      1.73297 |     1.80385 |          2700 |   1.2036 |           0.0018 |
|          transport.sl_vertical |      2.48121 |       2.58898 |      2.92059 |     0.42456 |       0.5282 |     0.62688 |          2880 |  0.36685 |           0.0009 |
|                 transport.wind |      8.46123 |       8.78893 |      8.86563 |     1.78887 |      2.57207 |     2.67975 |           360 |  1.78637 |          0.02441 |
|         transport.wind_precomp |      1.36576 |       1.48535 |      2.21474 |     0.79819 |      0.98545 |      1.0427 |          2160 |  0.68442 |          0.00069 |
|   transport.wind_precomp_final |      6.65344 |       6.91145 |      9.26913 |     6.65344 |      6.91145 |     9.26913 |          2160 |  4.80018 |           0.0032 |
|    transport.wind_precomp_init |      0.17504 |       0.40774 |      0.44286 |      0.1695 |        0.398 |     0.43256 |           360 |  0.27642 |          0.00113 |
|                    update_lbcs |      0.45239 |       0.64151 |      0.70994 |     0.41228 |      0.60056 |     0.66451 |           180 |  0.41711 |          0.00356 |
|  xios.close_context_definition |      4.91195 |        4.9221 |      5.24267 |     4.91195 |       4.9221 |     5.24267 |             1 |  3.41853 |           4.9221 |
|          xios.context_finalize |       0.6473 |       0.64969 |       0.6516 |      0.6473 |      0.64969 |      0.6516 |             1 |  0.45123 |          0.64969 |
|           xios.update_calendar |      0.71546 |       0.73414 |      0.77595 |     0.71546 |      0.73414 |     0.77595 |           182 |  0.50988 |          0.00403 |