|                        Routine | Total Min(s) | Total Mean(s) | Total Max(s) | Self Min(s) | Self Mean(s) | Self Max(s) | Max no. calls |   % time | Time per call(s) |
|                  __lfric_atm__ |       128.47 |     128.47264 |      128.475 |     0.00293 |      0.00888 |     0.01443 |             1 |  0.00691 |        128.47264 |
|                      __setup__ |      32.7221 |      32.77863 |      32.8538 |       8e-05 |       0.0026 |     0.00865 |             1 |  0.00202 |         32.77863 |
|                    __vernier__ |      0.12981 |       0.20011 |      0.22354 |     0.12981 |      0.20011 |     0.22354 |        624263 |  0.15576 |              0.0 |
|            aerosol.glomap_clim |      0.98681 |        1.2877 |      1.35025 |     0.98662 |       1.2874 |     1.34999 |           180 |  1.00208 |          0.00715 |
|                 aerosol.radaer |      0.24076 |        0.3152 |      0.36282 |     0.24048 |      0.31474 |     0.36242 |             3 |  0.24498 |          0.10507 |
|           aerosol.stratosphere |      0.00163 |       0.00532 |       0.0102 |     0.00163 |      0.00532 |      0.0102 |           180 |  0.00414 |            3e-05 |
|                    bl.explicit |      2.08522 |       3.38834 |      5.21159 |     1.12434 |      1.64477 |     2.00282 |           360 |  1.28025 |          0.00941 |
|                    bl.implicit |      4.81103 |       6.60744 |      7.57907 |     4.42754 |      5.99394 |     6.96688 |           360 |  4.66553 |          0.01835 |
|                          cloud |      0.48839 |       0.87751 |      1.35521 |     0.47673 |      0.86517 |     1.34236 |           180 |  0.67343 |          0.00488 |
|                   cloud.bm_tau |      0.21963 |       0.31641 |      0.37393 |     0.21963 |      0.31641 |     0.37393 |           180 |  0.24629 |          0.00176 |
|                   diags.bl_exp |      0.01766 |       0.02369 |      0.02928 |     0.00403 |      0.00615 |     0.00931 |           360 |  0.00478 |            7e-05 |
|                   diags.bl_imp |      0.07218 |        0.1059 |      0.16091 |     0.05165 |      0.06661 |     0.07582 |           540 |  0.05184 |           0.0002 |
|                   diags.blpert |      0.00386 |       0.00519 |      0.00652 |       4e-05 |        5e-05 |       9e-05 |           360 |    4e-05 |            1e-05 |
|                    diags.casim |      0.01893 |       0.02945 |      0.03719 |     0.00966 |      0.01574 |     0.01853 |           360 |  0.01225 |            8e-05 |
|                    diags.cloud |      0.09694 |        0.1289 |      0.15357 |     0.03982 |      0.05306 |     0.05819 |           360 |   0.0413 |          0.00036 |
|                 diags.dynamics |      0.02762 |       0.03492 |      0.04001 |     0.02622 |      0.03316 |     0.03829 |           180 |  0.02581 |          0.00019 |
|                 diags.electric |      0.00835 |       0.01204 |      0.01619 |      0.0072 |      0.01046 |     0.01424 |           360 |  0.00814 |            3e-05 |
|              diags.glomap_clim |      0.01633 |       0.02461 |      0.03303 |     0.00035 |      0.00104 |     0.00281 |           180 |  0.00081 |          0.00014 |
|               diags.illuminate |      0.00344 |       0.00498 |      0.00677 |       5e-05 |        8e-05 |     0.00016 |           180 |    7e-05 |            3e-05 |
|                diags.jules_exp |      0.01675 |       0.29969 |      0.38469 |     0.00549 |      0.00746 |     0.00898 |           360 |  0.00581 |          0.00083 |
|                diags.jules_imp |      0.01397 |       0.01831 |      0.02376 |      0.0065 |       0.0093 |     0.01224 |           360 |  0.00724 |            5e-05 |
|             diags.jules_seaice |      0.00302 |       0.00483 |      0.00833 |     0.00052 |      0.00099 |     0.00231 |           180 |  0.00077 |            3e-05 |
|               diags.jules_snow |      0.00725 |       0.01161 |       0.0611 |     0.00338 |      0.00431 |     0.00497 |           360 |  0.00335 |            3e-05 |
|               diags.jules_soil |      0.01364 |        0.0609 |      0.18276 |     0.00645 |      0.00857 |     0.01005 |           360 |  0.00667 |          0.00017 |
|        diags.locate_tropopause |      0.00118 |       0.00207 |      0.00273 |       1e-05 |        2e-05 |       6e-05 |           180 |    1e-05 |            1e-05 |
|             diags.microphysics |      0.01074 |       0.01607 |      0.02296 |       6e-05 |      0.00011 |     0.00021 |           180 |    9e-05 |            9e-05 |
|                     diags.pmsl |      0.09303 |        0.1041 |      0.12158 |     0.02061 |      0.04438 |     0.07334 |           180 |  0.03455 |          0.00058 |
|             diags.pressure_lev |      0.01964 |       0.02629 |       0.0327 |     0.01895 |      0.02539 |     0.03158 |           180 |  0.01976 |          0.00015 |
|                   diags.radaer |      0.00027 |       0.00075 |      0.00251 |     0.00025 |      0.00073 |     0.00249 |             9 |  0.00057 |            8e-05 |
|                diags.radiation |       0.2527 |       0.44131 |      0.57725 |     0.10321 |       0.1421 |     0.15484 |           360 |  0.11061 |          0.00123 |
|              diags.smagorinsky |      0.00446 |        0.0072 |      0.00995 |       6e-05 |        9e-05 |     0.00021 |           360 |    7e-05 |            2e-05 |
|  dynamics.compute_si_operators |      8.61041 |       8.94328 |      9.64665 |     3.87215 |      6.65316 |     7.01345 |           180 |  5.17866 |          0.04968 |
|       dynamics.phys_predictors |      1.45027 |       2.44993 |        3.957 |     0.09916 |      0.13448 |     0.17183 |           360 |  0.10467 |          0.00681 |
|               dynamics.rhs_alg |      3.26867 |       4.43254 |       6.3941 |       1.486 |      2.70638 |      3.1037 |           900 |  2.10658 |          0.00493 |
|               dynamics.rhs_lbc |      0.40675 |       0.46606 |      0.51845 |     0.16244 |      0.35231 |     0.40545 |           180 |  0.27423 |          0.00259 |
|                dynamics.solver |      7.08523 |       7.27686 |      7.42459 |     0.52446 |      1.13897 |     1.26172 |           720 |  0.88655 |          0.01011 |
|             dynamics.transport |      28.5083 |      30.76286 |      33.4119 |     1.40643 |      1.59148 |     1.74271 |           360 |  1.23877 |          0.08545 |
|  dynamics.transport_predictors |      0.74085 |        0.8418 |      0.94442 |     0.01803 |      0.04146 |     0.05367 |           180 |  0.03227 |          0.00468 |
|                       electric |      0.22412 |        0.2502 |      0.30818 |     0.04102 |      0.06391 |     0.09773 |           180 |  0.04975 |          0.00139 |
|                   fast_physics |      11.0328 |       11.8955 |      13.0517 |     0.50989 |      1.10508 |     2.58052 |           360 |  0.86017 |          0.03304 |
|                field.halo_ex_1 |      9.13062 |      13.05308 |       29.533 |     6.64022 |     10.55963 |     26.5667 |         46335 |  8.21937 |          0.00028 |
|                field.halo_ex_2 |      0.39089 |       0.75428 |      2.80955 |     0.22376 |      0.58517 |     2.69726 |          1986 |  0.45548 |          0.00038 |
|                field.halo_ex_6 |      0.39184 |       0.41664 |      0.46441 |      0.1011 |      0.12427 |     0.17719 |           365 |  0.09673 |          0.00114 |
|                field.halo_ex_7 |      1.48818 |       1.70911 |      2.32242 |     1.18631 |       1.4072 |     2.02631 |          5084 |  1.09533 |          0.00034 |
|                field.halo_ex_8 |      2.71246 |       3.41314 |      4.25634 |     2.55888 |      3.26138 |     4.11827 |         11549 |  2.53858 |           0.0003 |
|               field.initialise |      0.29793 |       0.46537 |      0.56822 |     0.29793 |      0.46537 |     0.56822 |        382052 |  0.36223 |              0.0 |
|                     field.read |      25.2201 |      25.27215 |      25.3213 |       2e-05 |      0.00011 |     0.00255 |            62 |    8e-05 |          0.40762 |
|                    field.write |      0.58766 |       1.17374 |      1.61015 |     0.08612 |      0.12117 |      0.1357 |         37951 |  0.09432 |            3e-05 |
|                 fs.constructor |      0.00853 |        0.0182 |      0.02378 |     0.00853 |       0.0182 |     0.02378 |            71 |  0.01417 |          0.00026 |
|      gungho_diagnostics_driver |      4.33643 |        4.8843 |      5.20282 |     3.09337 |       4.2538 |     4.51527 |           181 |  3.31106 |          0.02699 |
|         gungho_driver.finalise |      0.40753 |       0.55729 |       0.5594 |     0.02435 |      0.17357 |     0.17941 |             1 |   0.1351 |          0.55729 |
|   gungho_driver.first_timestep |      5.05989 |       5.13613 |      5.19187 |       3e-05 |        9e-05 |     0.00078 |             1 |    7e-05 |          5.13613 |
|       gungho_driver.initialise |      32.7188 |      32.77603 |      32.8535 |     0.78747 |      1.12309 |     1.27196 |             1 |  0.87419 |         32.77603 |
|        gungho_driver.mesh_init |      0.91444 |       0.96586 |       0.9898 |     0.91444 |      0.96586 |      0.9898 |             1 |   0.7518 |          0.96586 |
|         gungho_driver.timestep |      89.1123 |      89.17045 |      89.3221 |     0.00149 |       0.0025 |     0.00358 |           179 |  0.00195 |          0.49816 |
|                gungho_timestep |      88.6358 |      88.98734 |      89.8037 |     0.00851 |      0.01574 |     0.02299 |           180 |  0.01225 |          0.49437 |
|          halo_routing_creation |      3.18669 |       3.38749 |      3.94811 |     3.18669 |      3.38749 |     3.94811 |         65319 |  2.63674 |            5e-05 |
|                      init_lbcs |      0.08658 |       0.11867 |       0.1997 |     0.00586 |      0.02788 |     0.10065 |             1 |   0.0217 |          0.11867 |
|                 jules.explicit |       0.1609 |       0.39413 |      0.94213 |     0.15418 |      0.38508 |     0.93248 |           180 |  0.29973 |          0.00219 |
|                    jules.extra |      0.02384 |       0.15924 |      0.44899 |     0.01341 |      0.14571 |     0.43496 |           180 |  0.11342 |          0.00088 |
|                 jules.implicit |      0.24473 |        0.5004 |      0.88899 |     0.23757 |      0.49091 |     0.87909 |           720 |  0.38212 |          0.00069 |
|                jules.radiation |      0.06388 |       0.11608 |      0.16295 |     0.05448 |      0.10527 |     0.15359 |           180 |  0.08194 |          0.00064 |
|                   leonard_term |      0.26303 |       0.56929 |      1.43522 |     0.08377 |      0.13845 |     0.17101 |           180 |  0.10777 |          0.00316 |
|    lfric_xios.finalise_context |      0.37893 |       0.38371 |      0.38629 |       3e-05 |        8e-05 |     0.00012 |             1 |    6e-05 |          0.38371 |
|        lfric_xios.init_context |      0.27396 |       0.40378 |      0.67629 |     0.25428 |      0.38196 |     0.64834 |             1 |  0.29731 |          0.40378 |
|           lfric_xios.read_fldg |        25.22 |      25.27203 |      25.3212 |     25.2009 |     25.23776 |     25.2503 |            62 | 19.64446 |          0.40761 |
|          lfric_xios.write_fldg |      0.46836 |       1.05246 |      1.48949 |     0.46836 |      1.05246 |     1.48949 |           211 |  0.81921 |          0.00499 |
|              locate_tropopause |      0.00933 |       0.01409 |      0.01796 |     0.00883 |      0.01328 |     0.01696 |           180 |  0.01034 |            8e-05 |
|    mappings.map_physics_fields |       3.6182 |       4.08012 |       4.5841 |     3.38582 |      3.87152 |     4.40288 |           181 |   3.0135 |          0.02254 |
|              mappings.set_wind |      0.41339 |       0.55969 |      1.19779 |     0.04885 |      0.08892 |     0.13677 |           180 |  0.06922 |          0.00311 |
|         mass_matrix_solver_alg |      2.19293 |       3.17561 |       4.7024 |     1.15583 |       1.6795 |     1.85984 |          1082 |  1.30728 |          0.00293 |
|             microphysics.casim |      2.53045 |       3.63026 |      4.64652 |     2.51734 |      3.61571 |     4.63004 |           180 |  2.81438 |          0.02017 |
|    microphysics.casim_activate |      0.00618 |       0.01145 |      0.01803 |     0.00488 |         0.01 |     0.01652 |           181 |  0.00778 |            6e-05 |
|      mixed_solver.schur_precon |      5.57949 |       5.80589 |      6.12821 |     0.00143 |      0.00318 |     0.00537 |           720 |  0.00247 |          0.00806 |
|  pressure_solver.helmholtz_lhs |      3.19827 |       3.40882 |      4.40776 |     2.06178 |      2.52353 |     2.60889 |         19440 |  1.96425 |          0.00018 |
|           radiation.illuminate |      0.03528 |       0.05402 |      0.09245 |     0.03528 |      0.05402 |     0.09245 |           180 |  0.04205 |           0.0003 |
|                   radiation.lw |      0.69005 |       1.16502 |      1.34584 |     0.69005 |      1.16502 |     1.34584 |           180 |  0.90682 |          0.00647 |
|                   radiation.sw |      0.00626 |       0.01884 |      0.03067 |     0.00626 |      0.01884 |     0.03067 |           180 |  0.01466 |           0.0001 |
|       runtime_constants.dycore |      0.57026 |       0.82321 |      0.87412 |     0.57025 |       0.8232 |     0.87411 |            13 |  0.64076 |          0.06332 |
|          runtime_constants.fem |       0.6058 |       0.68339 |      0.77098 |      0.3109 |      0.46907 |     0.55297 |            31 |  0.36511 |          0.02204 |
|    runtime_constants.geometric |      0.35973 |        0.4349 |      0.64559 |     0.09923 |      0.15225 |     0.16474 |            26 |   0.1185 |          0.01673 |
| runtime_constants.limited_area |      0.04248 |       0.06001 |      0.07286 |     0.00108 |      0.00995 |     0.01722 |            15 |  0.00775 |            0.004 |
|      runtime_constants.mapping |      0.03352 |       0.04799 |      0.06188 |     0.03352 |      0.04799 |     0.06188 |             1 |  0.03736 |          0.04799 |
|      runtime_constants.physics |      0.48359 |        0.4905 |       0.4986 |     0.00043 |        0.006 |     0.01393 |             1 |  0.00467 |           0.4905 |
|       runtime_constants.solver |      0.00046 |       0.00074 |      0.00154 |     0.00045 |      0.00073 |     0.00153 |            16 |  0.00057 |            5e-05 |
|    runtime_constants.transport |      0.00081 |       0.00237 |      0.00823 |     0.00079 |      0.00235 |     0.00821 |             4 |  0.00183 |          0.00059 |
|          schur_precon.back_sub |      0.48421 |       0.64831 |      0.72279 |     0.16218 |      0.43089 |     0.48937 |           720 |  0.33539 |           0.0009 |
|   schur_precon.pressure_solver |      4.46957 |       4.67613 |      5.42577 |     1.00838 |      1.25586 |     1.28917 |           720 |  0.97753 |          0.00649 |
|               schur_precon.rhs |      0.18955 |       0.47438 |      0.52468 |      0.1872 |      0.46912 |     0.51841 |           720 |  0.36515 |          0.00066 |
|         semi_implicit_timestep |       88.624 |       88.9711 |       89.794 |     1.56507 |      2.68828 |       2.822 |           180 |  2.09249 |          0.49428 |
|                   slow_physics |       13.724 |      13.85472 |       14.149 |      0.6535 |      0.95784 |     2.00258 |           180 |  0.74556 |          0.07697 |
|                    smagorinsky |      1.97991 |       2.98992 |      4.03855 |     0.40661 |      0.69614 |     0.85271 |           360 |  0.54186 |          0.00831 |
|            solver.mixed_solver |      5.81299 |       6.00645 |      6.24508 |     0.08645 |      0.18275 |     0.21723 |           720 |  0.14225 |          0.00834 |
|              stoch_phys.blpert |      0.20619 |       0.84563 |      2.55852 |     0.03431 |      0.04683 |     0.05969 |           360 |  0.03645 |          0.00235 |
|      transport.controller_init |      1.20508 |       1.28303 |       1.7313 |      0.7238 |      0.83111 |     1.38218 |           360 |  0.64691 |          0.00356 |
|      transport.ffsl_horizontal |      5.53315 |       5.80358 |      5.96971 |     2.55163 |      3.19469 |     3.78025 |          2340 |  2.48667 |          0.00248 |
|        transport.ffsl_vertical |      1.88001 |       2.14329 |      2.28606 |     1.61446 |      1.85601 |     1.99455 |          7200 |  1.44468 |           0.0003 |
|         transport.flux_precomp |      1.18014 |       1.34543 |      1.41826 |     0.34808 |       0.4701 |     0.49738 |          8460 |  0.36591 |          0.00016 |
|    transport.flux_precomp_init |      0.13027 |       0.26157 |      0.27971 |     0.12407 |       0.2518 |     0.26833 |          3240 |    0.196 |            8e-05 |
|         transport.hori_dep_pts |      0.72323 |       0.85671 |      0.91408 |     0.24016 |      0.36168 |     0.40821 |          1080 |  0.28152 |          0.00079 |
|        transport.sl_horizontal |       4.7185 |       5.06793 |      5.29643 |     1.39015 |      1.81525 |     1.95497 |          2700 |  1.41294 |          0.00188 |
|          transport.sl_vertical |      2.46474 |       2.58866 |      2.82852 |     0.33101 |      0.52548 |     0.63028 |          2880 |  0.40902 |           0.0009 |
|                 transport.wind |      8.91651 |       9.31133 |      9.80213 |      1.8394 |      2.86267 |     3.34224 |           360 |  2.22824 |          0.02586 |
|         transport.wind_precomp |      1.30657 |       1.45614 |      2.24776 |     0.70369 |       0.9372 |     0.99141 |          2160 |  0.72949 |          0.00067 |
|   transport.wind_precomp_final |       6.6627 |       8.79096 |      11.4691 |      6.6627 |      8.79096 |     11.4691 |          2160 |  6.84267 |          0.00407 |
|    transport.wind_precomp_init |      0.15074 |       0.42224 |      0.45679 |     0.14517 |      0.41287 |     0.44807 |           360 |  0.32137 |          0.00117 |
|                    update_lbcs |      0.29207 |       0.49572 |      0.55086 |     0.25364 |      0.45366 |     0.50722 |           180 |  0.35312 |          0.00275 |
|  xios.close_context_definition |      3.92953 |       3.93445 |      3.96738 |     3.92953 |      3.93445 |     3.96738 |             1 |  3.06248 |          3.93445 |
|          xios.context_finalize |      0.37884 |       0.38363 |      0.38622 |     0.37884 |      0.38363 |     0.38622 |             1 |  0.29861 |          0.38363 |
|           xios.update_calendar |      0.79802 |       0.82178 |      0.89089 |     0.79802 |      0.82178 |     0.89089 |           182 |  0.63965 |          0.00452 |