|                        Routine | Total Min(s) | Total Mean(s) | Total Max(s) | Self Min(s) | Self Mean(s) | Self Max(s) | Max no. calls |   % time | Time per call(s) |
|                  __lfric_atm__ |      126.313 |     126.31452 |      126.316 |     0.00274 |      0.00567 |     0.00769 |             1 |  0.00449 |        126.31452 |
|                      __setup__ |      28.7739 |      28.83911 |       28.909 |       6e-05 |      0.00126 |     0.00357 |             1 |    0.001 |         28.83911 |
|                    __vernier__ |      0.12774 |       0.18261 |      0.19879 |     0.12774 |      0.18261 |     0.19879 |        624263 |  0.14457 |              0.0 |
|            aerosol.glomap_clim |       0.9945 |       1.24366 |      1.30352 |     0.99427 |      1.24339 |     1.30317 |           180 |  0.98436 |          0.00691 |
|                 aerosol.radaer |      0.24129 |       0.31223 |      0.34989 |     0.24103 |      0.31181 |     0.34951 |             3 |  0.24685 |          0.10408 |
|           aerosol.stratosphere |      0.00176 |       0.00507 |      0.00849 |     0.00176 |      0.00507 |     0.00849 |           180 |  0.00401 |            3e-05 |
|                    bl.explicit |      2.23312 |       3.92922 |      5.81431 |     1.31902 |      1.70856 |      2.0055 |           360 |  1.35263 |          0.01091 |
|                    bl.implicit |      6.34495 |       7.88577 |      9.36169 |     5.77806 |      7.27562 |     8.88856 |           360 |  5.75993 |           0.0219 |
|                          cloud |      0.64955 |       1.37496 |       2.1583 |     0.63835 |      1.36351 |     2.14735 |           180 |  1.07946 |          0.00764 |
|                   cloud.bm_tau |      0.42204 |       0.50963 |      0.57832 |     0.42204 |      0.50963 |     0.57832 |           180 |  0.40346 |          0.00283 |
|                   diags.bl_exp |      0.01861 |       0.02414 |      0.02939 |     0.00407 |      0.00541 |     0.00773 |           360 |  0.00428 |            7e-05 |
|                   diags.bl_imp |      0.06536 |       0.09667 |      0.18967 |     0.05157 |      0.06096 |     0.07326 |           540 |  0.04826 |          0.00018 |
|                   diags.blpert |      0.00406 |       0.00487 |      0.00699 |       4e-05 |        5e-05 |       8e-05 |           360 |    4e-05 |            1e-05 |
|                    diags.casim |      0.02032 |       0.02741 |       0.0326 |     0.01022 |      0.01494 |     0.01811 |           360 |  0.01183 |            8e-05 |
|                    diags.cloud |      0.07413 |       0.11316 |      0.12976 |     0.04055 |      0.04884 |     0.05353 |           360 |  0.03867 |          0.00031 |
|                 diags.dynamics |      0.02768 |       0.03236 |      0.03568 |     0.02629 |      0.03074 |     0.03384 |           180 |  0.02434 |          0.00018 |
|                 diags.electric |      0.00843 |       0.00995 |      0.01192 |     0.00729 |      0.00858 |     0.01041 |           360 |  0.00679 |            3e-05 |
|              diags.glomap_clim |      0.01602 |       0.02329 |      0.03326 |     0.00034 |      0.00066 |     0.00171 |           180 |  0.00052 |          0.00013 |
|               diags.illuminate |      0.00358 |       0.00441 |      0.00584 |       6e-05 |        9e-05 |     0.00015 |           180 |    7e-05 |            2e-05 |
|                diags.jules_exp |      0.01448 |       0.36388 |      0.82968 |     0.00549 |      0.00646 |     0.00738 |           360 |  0.00512 |          0.00101 |
|                diags.jules_imp |      0.01338 |       0.01726 |      0.02145 |     0.00656 |      0.00858 |     0.01042 |           360 |   0.0068 |            5e-05 |
|             diags.jules_seaice |      0.00307 |       0.00423 |       0.0064 |     0.00055 |       0.0009 |     0.00155 |           180 |  0.00071 |            2e-05 |
|               diags.jules_snow |      0.00702 |       0.01405 |      0.10117 |     0.00343 |      0.00398 |     0.00475 |           360 |  0.00315 |            4e-05 |
|               diags.jules_soil |      0.01115 |       0.08221 |      0.18117 |     0.00646 |      0.00778 |     0.00867 |           360 |  0.00616 |          0.00023 |
|        diags.locate_tropopause |       0.0012 |       0.00189 |      0.00262 |       1e-05 |        2e-05 |       5e-05 |           180 |    1e-05 |            1e-05 |
|             diags.microphysics |       0.0118 |       0.01482 |      0.01984 |       8e-05 |      0.00012 |     0.00022 |           180 |    9e-05 |            8e-05 |
|                     diags.pmsl |      0.05414 |       0.07211 |      0.07867 |     0.02227 |      0.03611 |     0.04081 |           180 |  0.02859 |           0.0004 |
|             diags.pressure_lev |       0.0195 |       0.02533 |      0.02759 |     0.01883 |      0.02446 |     0.02673 |           180 |  0.01936 |          0.00014 |
|                   diags.radaer |      0.00026 |       0.00049 |      0.00149 |     0.00025 |      0.00048 |     0.00148 |             9 |  0.00038 |            5e-05 |
|                diags.radiation |      0.25171 |       0.36896 |      1.07617 |     0.10417 |      0.12183 |     0.13759 |           360 |  0.09645 |          0.00102 |
|              diags.smagorinsky |      0.00444 |         0.007 |      0.01166 |       6e-05 |        8e-05 |     0.00018 |           360 |    7e-05 |            2e-05 |
|  dynamics.compute_si_operators |      8.05554 |       9.32924 |      9.82986 |     4.01354 |      6.04535 |     6.47294 |           180 |  4.78595 |          0.05183 |
|       dynamics.phys_predictors |      1.33375 |        2.2276 |      3.63764 |     0.10264 |      0.13762 |     0.18378 |           360 |  0.10895 |          0.00619 |
|               dynamics.rhs_alg |      2.94962 |       4.08702 |      5.61618 |     1.59407 |      2.63485 |     2.96186 |           900 |  2.08595 |          0.00454 |
|               dynamics.rhs_lbc |      0.38794 |       0.44277 |      0.51797 |     0.17337 |       0.3326 |     0.39979 |           180 |  0.26331 |          0.00246 |
|                dynamics.solver |      6.94533 |       7.11501 |      7.26076 |     0.55162 |      1.13008 |     1.31785 |           720 |  0.89465 |          0.00988 |
|             dynamics.transport |       27.084 |      28.13525 |      30.5184 |     1.40063 |      1.52573 |     1.63772 |           360 |  1.20788 |          0.07815 |
|  dynamics.transport_predictors |      0.73392 |       0.80011 |       0.8811 |     0.01803 |      0.03532 |     0.04733 |           180 |  0.02797 |          0.00445 |
|                       electric |      0.14859 |       0.17603 |      0.21575 |      0.0492 |      0.06558 |      0.0918 |           180 |  0.05191 |          0.00098 |
|                   fast_physics |      12.1293 |      12.90557 |      13.9007 |      0.4091 |      0.64378 |     1.39383 |           360 |  0.50966 |          0.03585 |
|                field.halo_ex_1 |      9.97877 |      14.35641 |      27.4052 |     7.74183 |     12.09904 |     24.8203 |         46335 |  9.57851 |          0.00031 |
|                field.halo_ex_2 |      0.32795 |       0.77438 |       3.0742 |     0.22984 |        0.652 |     2.91355 |          1986 |  0.51617 |          0.00039 |
|                field.halo_ex_6 |      0.28142 |       0.29855 |      0.33675 |     0.08087 |      0.09785 |     0.13465 |           365 |  0.07746 |          0.00082 |
|                field.halo_ex_7 |      1.24342 |       1.45026 |      1.84331 |      1.0416 |      1.25054 |     1.64793 |          5084 |  0.99002 |          0.00029 |
|                field.halo_ex_8 |      2.63882 |         3.435 |      4.01471 |     2.51324 |        3.308 |     3.89918 |         11549 |  2.61886 |           0.0003 |
|               field.initialise |      0.29565 |       0.42353 |      0.53703 |     0.29565 |      0.42353 |     0.53703 |        382052 |   0.3353 |              0.0 |
|                     field.read |      23.2362 |      23.30948 |      23.3581 |       2e-05 |        7e-05 |     0.00059 |            62 |    5e-05 |          0.37596 |
|                    field.write |      0.51012 |       1.08974 |      2.10309 |     0.08688 |      0.11002 |     0.13147 |         37951 |   0.0871 |            3e-05 |
|                 fs.constructor |      0.01196 |       0.02129 |      0.02672 |     0.01196 |      0.02129 |     0.02672 |            71 |  0.01686 |           0.0003 |
|      gungho_diagnostics_driver |      4.27629 |       4.62911 |      6.12852 |     3.08125 |      4.10967 |     5.48731 |           181 |  3.25352 |          0.02558 |
|         gungho_driver.finalise |      0.51022 |       0.51058 |      0.51096 |       0.019 |      0.01995 |     0.02433 |             1 |   0.0158 |          0.51058 |
|   gungho_driver.first_timestep |      4.47469 |       4.54474 |      4.60988 |       3e-05 |        6e-05 |     0.00032 |             1 |    5e-05 |          4.54474 |
|       gungho_driver.initialise |      28.7715 |      28.83785 |      28.9089 |     0.92654 |      1.12452 |     1.28242 |             1 |  0.89026 |         28.83785 |
|        gungho_driver.mesh_init |      0.68051 |       0.71355 |      0.72989 |     0.68051 |      0.71355 |     0.72989 |             1 |   0.5649 |          0.71355 |
|         gungho_driver.timestep |      91.6781 |      91.69168 |      91.7119 |     0.00152 |      0.00226 |     0.00292 |           179 |  0.00179 |          0.51224 |
|                gungho_timestep |      89.7712 |      91.13322 |      91.7138 |     0.00851 |      0.01448 |     0.01853 |           180 |  0.01147 |           0.5063 |
|          halo_routing_creation |      2.74826 |        2.8882 |      3.32073 |     2.74826 |       2.8882 |     3.32073 |         65319 |  2.28652 |            4e-05 |
|                      init_lbcs |      0.06973 |       0.08454 |      0.15384 |     0.00761 |      0.02073 |      0.0812 |             1 |  0.01641 |          0.08454 |
|                 jules.explicit |      0.20254 |       0.49715 |      1.17203 |      0.1959 |      0.48933 |     1.16423 |           180 |  0.38739 |          0.00276 |
|                    jules.extra |      0.02444 |       0.17308 |      0.54903 |     0.01364 |      0.16063 |     0.53652 |           180 |  0.12717 |          0.00096 |
|                 jules.implicit |      0.26845 |       0.50703 |      0.91786 |     0.26118 |      0.49811 |     0.90897 |           720 |  0.39434 |           0.0007 |
|                jules.radiation |      0.07699 |       0.10592 |      0.13367 |      0.0696 |      0.09676 |     0.12439 |           180 |   0.0766 |          0.00059 |
|                   leonard_term |      0.30095 |       0.62613 |      2.14478 |     0.09501 |      0.13437 |     0.16902 |           180 |  0.10637 |          0.00348 |
|    lfric_xios.finalise_context |      0.48602 |       0.49063 |      0.49151 |       2e-05 |        6e-05 |      0.0003 |             1 |    5e-05 |          0.49063 |
|        lfric_xios.init_context |      0.08343 |       0.20492 |      0.35037 |     0.06694 |      0.19021 |     0.33097 |             1 |  0.15058 |          0.20492 |
|           lfric_xios.read_fldg |      23.2362 |       23.3094 |       23.358 |     23.2126 |     23.24849 |     23.2581 |            62 | 18.40524 |          0.37596 |
|          lfric_xios.write_fldg |      0.39899 |       0.97962 |      1.99456 |     0.39899 |      0.97962 |     1.99456 |           211 |  0.77554 |          0.00464 |
|              locate_tropopause |      0.00986 |       0.01346 |      0.01668 |     0.00932 |      0.01266 |     0.01579 |           180 |  0.01002 |            7e-05 |
|    mappings.map_physics_fields |      3.32303 |       4.11245 |      4.83537 |     3.12028 |      3.79364 |      4.6952 |           181 |  3.00333 |          0.02272 |
|              mappings.set_wind |      0.81284 |        0.9995 |      2.15084 |     0.04656 |      0.11207 |     0.17955 |           180 |  0.08872 |          0.00555 |
|         mass_matrix_solver_alg |      2.03879 |       2.91293 |       4.3442 |      1.1752 |       1.5872 |     1.77333 |          1082 |  1.25655 |          0.00269 |
|             microphysics.casim |      4.60171 |       6.17773 |      7.83407 |     4.58918 |      6.16401 |     7.81961 |           180 |  4.87989 |          0.03432 |
|    microphysics.casim_activate |       0.0068 |        0.0117 |      0.01899 |     0.00555 |       0.0104 |     0.01757 |           181 |  0.00823 |            6e-05 |
|      mixed_solver.schur_precon |      5.39084 |       5.67234 |      6.07745 |     0.00155 |      0.00269 |     0.00428 |           720 |  0.00213 |          0.00788 |
|  pressure_solver.helmholtz_lhs |      3.07082 |       3.33649 |      4.27189 |     2.09493 |       2.4594 |     2.74565 |         19440 |  1.94705 |          0.00017 |
|           radiation.illuminate |      0.04152 |       0.05309 |      0.07798 |     0.04152 |      0.05309 |     0.07798 |           180 |  0.04203 |          0.00029 |
|                   radiation.lw |      0.74454 |       1.22659 |      1.38279 |     0.74454 |      1.22659 |     1.38279 |           180 |  0.97106 |          0.00681 |
|                   radiation.sw |      0.00838 |       0.01739 |      0.02479 |     0.00838 |      0.01739 |     0.02479 |           180 |  0.01377 |           0.0001 |
|       runtime_constants.dycore |      0.55826 |       0.77904 |      0.81975 |     0.55826 |      0.77902 |     0.81975 |            13 |  0.61673 |          0.05993 |
|          runtime_constants.fem |      0.51089 |       0.58154 |      0.65651 |      0.3023 |      0.43096 |     0.48567 |            31 |  0.34118 |          0.01876 |
|    runtime_constants.geometric |      0.26377 |       0.32512 |      0.47797 |     0.09781 |      0.14172 |     0.15538 |            26 |   0.1122 |           0.0125 |
| runtime_constants.limited_area |      0.02697 |       0.03696 |      0.04397 |     0.00143 |      0.00671 |     0.01134 |            15 |  0.00531 |          0.00246 |
|      runtime_constants.mapping |      0.03321 |       0.04574 |      0.06677 |     0.03321 |      0.04574 |     0.06677 |             1 |  0.03621 |          0.04574 |
|      runtime_constants.physics |      0.36683 |        0.3701 |      0.37274 |     0.00061 |       0.0047 |     0.00817 |             1 |  0.00372 |           0.3701 |
|       runtime_constants.solver |      0.00057 |         0.001 |      0.00238 |     0.00056 |      0.00099 |     0.00237 |            16 |  0.00078 |            6e-05 |
|    runtime_constants.transport |      0.00084 |       0.00187 |      0.00406 |     0.00083 |      0.00185 |     0.00399 |             4 |  0.00146 |          0.00047 |
|          schur_precon.back_sub |      0.49988 |       0.60206 |      0.75878 |     0.17694 |      0.39073 |     0.46046 |           720 |  0.30933 |          0.00084 |
|   schur_precon.pressure_solver |      4.32717 |         4.608 |      5.31233 |     1.02923 |       1.2602 |     1.35607 |           720 |  0.99767 |           0.0064 |
|               schur_precon.rhs |      0.19588 |       0.45636 |        0.505 |     0.19402 |      0.45242 |     0.50121 |           720 |  0.35817 |          0.00063 |
|         semi_implicit_timestep |      89.7592 |      91.11831 |      91.7045 |     1.63129 |      2.62959 |     2.79308 |           180 |  2.08178 |          0.50621 |
|                   slow_physics |      17.5144 |      17.59799 |      17.8048 |     0.47994 |      0.90316 |     1.83126 |           180 |  0.71501 |          0.09777 |
|                    smagorinsky |      1.81218 |        2.9593 |      4.79909 |     0.47739 |      0.72474 |     0.96029 |           360 |  0.57376 |          0.00822 |
|            solver.mixed_solver |      5.62717 |       5.86743 |      6.17958 |     0.09199 |       0.1791 |     0.21684 |           720 |  0.14179 |          0.00815 |
|              stoch_phys.blpert |      0.18901 |       1.07244 |      2.62034 |     0.03792 |       0.0476 |     0.06324 |           360 |  0.03768 |          0.00298 |
|      transport.controller_init |      1.08811 |       1.17059 |      1.54587 |     0.68642 |      0.78017 |     1.23604 |           360 |  0.61764 |          0.00325 |
|      transport.ffsl_horizontal |      5.44448 |         5.689 |      5.90363 |     2.54102 |      3.03484 |     3.67786 |          2340 |  2.40261 |          0.00243 |
|        transport.ffsl_vertical |      1.74252 |        1.9231 |      2.01481 |     1.48828 |      1.65329 |      1.7339 |          7200 |  1.30886 |          0.00027 |
|         transport.flux_precomp |      1.06508 |       1.22994 |      1.28125 |     0.34631 |      0.45048 |     0.47931 |          8460 |  0.35664 |          0.00015 |
|    transport.flux_precomp_init |      0.13186 |       0.23397 |      0.25046 |     0.12579 |      0.22545 |     0.24104 |          3240 |  0.17848 |            7e-05 |
|         transport.hori_dep_pts |      0.66828 |       0.76281 |      0.81953 |     0.24822 |      0.33804 |     0.38211 |          1080 |  0.26762 |          0.00071 |
|        transport.sl_horizontal |      4.34525 |       4.60703 |      4.75645 |     1.39638 |      1.74534 |     1.85032 |          2700 |  1.38174 |          0.00171 |
|          transport.sl_vertical |      2.35427 |       2.43853 |      2.78816 |      0.3866 |      0.51634 |     0.57496 |          2880 |  0.40877 |          0.00085 |
|                 transport.wind |      8.19684 |       8.50478 |      8.64368 |     1.83748 |      2.69012 |     2.89372 |           360 |   2.1297 |          0.02362 |
|         transport.wind_precomp |      1.25085 |       1.35501 |      2.13959 |     0.76398 |      0.97232 |     1.02488 |          2160 |  0.76976 |          0.00063 |
|   transport.wind_precomp_final |      6.63558 |       7.51615 |      9.92229 |     6.63558 |      7.51615 |     9.92229 |          2160 |  5.95034 |          0.00348 |
|    transport.wind_precomp_init |      0.16203 |       0.39805 |      0.43817 |     0.15673 |      0.38902 |     0.42953 |           360 |  0.30797 |          0.00111 |
|                    update_lbcs |      0.35927 |       0.54096 |      0.63728 |     0.32033 |      0.50024 |     0.59257 |           180 |  0.39603 |          0.00301 |
|  xios.close_context_definition |      2.65384 |       2.65752 |      2.69111 |     2.65384 |      2.65752 |     2.69111 |             1 |  2.10389 |          2.65752 |
|          xios.context_finalize |      0.48596 |       0.49056 |      0.49145 |     0.48596 |      0.49056 |     0.49145 |             1 |  0.38837 |          0.49056 |
|           xios.update_calendar |      0.70682 |       0.72378 |       0.7682 |     0.70682 |      0.72378 |      0.7682 |           182 |    0.573 |          0.00398 |