|                        Routine | Total Min(s) | Total Mean(s) | Total Max(s) | Self Min(s) | Self Mean(s) | Self Max(s) | Max no. calls |   % time | Time per call(s) |
|                  __lfric_atm__ |      224.164 |     224.16502 |      224.166 |     0.00315 |      0.00591 |     0.01015 |             1 |  0.00264 |        224.16502 |
|                      __setup__ |      30.3914 |      30.54222 |      30.6575 |       6e-05 |      0.00133 |     0.00326 |             1 |  0.00059 |         30.54222 |
|                    __vernier__ |      0.23006 |       0.27502 |      0.29946 |     0.23006 |      0.27502 |     0.29946 |        621531 |  0.12268 |              0.0 |
|            aerosol.glomap_clim |      2.21881 |         2.724 |        2.836 |     2.21849 |       2.7236 |     2.83569 |           180 |    1.215 |          0.01513 |
|                 aerosol.radaer |      0.53918 |        0.6945 |      0.80895 |     0.53891 |      0.69408 |     0.80835 |             3 |  0.30963 |           0.2315 |
|           aerosol.stratosphere |      0.00424 |       0.00869 |       0.0168 |     0.00424 |      0.00869 |      0.0168 |           180 |  0.00388 |            5e-05 |
|                    bl.explicit |      3.55368 |       7.71267 |      11.9311 |     2.55497 |       3.7299 |     4.44283 |           360 |  1.66391 |          0.02142 |
|                    bl.implicit |      14.7732 |      18.05315 |      21.7776 |     13.7747 |     16.87641 |     21.0097 |           360 |  7.52857 |          0.05015 |
|                          cloud |      1.54525 |       3.17392 |      5.23335 |      1.5304 |       3.1594 |     5.21848 |           180 |  1.40941 |          0.01763 |
|                   cloud.bm_tau |      0.60475 |       0.78885 |      0.95443 |     0.60475 |      0.78885 |     0.95443 |           180 |   0.3519 |          0.00438 |
|                   diags.bl_exp |      0.02672 |       0.03685 |      0.04583 |     0.00453 |       0.0064 |     0.01013 |           360 |  0.00285 |           0.0001 |
|                   diags.bl_imp |      0.07592 |       0.09297 |      0.10362 |     0.05437 |      0.06549 |     0.07418 |           540 |  0.02922 |          0.00017 |
|                   diags.blpert |      0.00433 |       0.00539 |      0.00841 |       4e-05 |        5e-05 |       8e-05 |           360 |    2e-05 |            1e-05 |
|                    diags.casim |      0.02907 |       0.03478 |      0.04391 |     0.01187 |      0.01644 |     0.02406 |           360 |  0.00734 |           0.0001 |
|                    diags.cloud |       0.0535 |        0.0656 |      0.08004 |     0.04807 |      0.05518 |     0.06291 |           360 |  0.02462 |          0.00018 |
|                 diags.dynamics |      0.02913 |       0.03266 |      0.03861 |     0.02763 |      0.03102 |     0.03654 |           180 |  0.01384 |          0.00018 |
|                 diags.electric |      0.00879 |       0.01076 |      0.01515 |      0.0075 |      0.00901 |      0.0119 |           360 |  0.00402 |            3e-05 |
|              diags.glomap_clim |      0.01898 |        0.0254 |      0.03247 |     0.00041 |      0.00073 |     0.00176 |           180 |  0.00033 |          0.00014 |
|               diags.illuminate |       0.0038 |       0.00588 |       0.0094 |       6e-05 |      0.00012 |     0.00041 |           180 |    5e-05 |            3e-05 |
|                diags.jules_exp |      0.11662 |       0.40994 |      0.67255 |     0.00573 |      0.00707 |      0.0087 |           360 |  0.00315 |          0.00114 |
|                diags.jules_imp |      0.02145 |        0.0299 |      0.04114 |     0.00785 |      0.01058 |      0.0148 |           360 |  0.00472 |            8e-05 |
|             diags.jules_seaice |      0.00333 |       0.00527 |      0.00927 |     0.00086 |      0.00143 |     0.00348 |           180 |  0.00064 |            3e-05 |
|               diags.jules_snow |      0.00833 |       0.01068 |      0.01753 |     0.00364 |      0.00472 |     0.00605 |           360 |  0.00211 |            3e-05 |
|               diags.jules_soil |      0.01361 |       0.02232 |      0.05389 |     0.00673 |       0.0082 |     0.00951 |           360 |  0.00366 |            6e-05 |
|        diags.locate_tropopause |      0.00169 |       0.00247 |      0.00337 |       1e-05 |        2e-05 |       7e-05 |           180 |    1e-05 |            1e-05 |
|             diags.microphysics |      0.01707 |       0.02181 |      0.03164 |      0.0001 |      0.00017 |     0.00054 |           180 |    8e-05 |          0.00012 |
|                     diags.pmsl |      0.08187 |       0.09204 |      0.10131 |     0.03701 |      0.05836 |     0.06707 |           180 |  0.02603 |          0.00051 |
|             diags.pressure_lev |      0.02102 |       0.02664 |      0.04236 |     0.02033 |      0.02568 |     0.04124 |           180 |  0.01146 |          0.00015 |
|                   diags.radaer |      0.00027 |       0.00047 |      0.00122 |     0.00026 |      0.00045 |      0.0012 |             9 |   0.0002 |            5e-05 |
|                diags.radiation |      0.21739 |       0.41438 |      0.84297 |     0.10615 |      0.12678 |     0.14961 |           360 |  0.05655 |          0.00115 |
|              diags.smagorinsky |      0.00687 |       0.00921 |      0.01387 |       6e-05 |      0.00012 |     0.00026 |           360 |    5e-05 |            3e-05 |
|  dynamics.compute_si_operators |      15.8242 |      16.27312 |      17.2047 |     9.33213 |     12.88275 |     13.4791 |           180 |  5.74699 |          0.09041 |
|       dynamics.phys_predictors |      4.25983 |       4.64113 |      5.30944 |     0.33716 |      0.45687 |     0.53533 |           360 |  0.20381 |          0.01289 |
|               dynamics.rhs_alg |      7.83032 |       8.63247 |      9.71477 |     4.99807 |      6.77118 |     7.16251 |           900 |  3.02062 |          0.00959 |
|               dynamics.rhs_lbc |      0.93745 |       1.05796 |      1.15298 |     0.58659 |      0.86016 |     0.96213 |           180 |  0.38372 |          0.00588 |
|                dynamics.solver |      15.4503 |      15.72853 |      16.2227 |     1.92554 |      2.71908 |     3.01599 |           720 |  1.21298 |          0.02185 |
|             dynamics.transport |      49.7923 |      50.58541 |      51.5099 |     3.04507 |      3.52457 |     3.88787 |           360 |  1.57231 |          0.14052 |
|  dynamics.transport_predictors |       2.1291 |       2.24538 |      2.33072 |     0.08333 |      0.11547 |     0.14125 |           180 |  0.05151 |          0.01247 |
|                       electric |      0.26086 |       0.29838 |      0.36235 |     0.10725 |      0.14084 |      0.1995 |           180 |  0.06283 |          0.00166 |
|                   fast_physics |      26.7733 |       26.9965 |      27.4538 |     0.76167 |      1.18398 |     2.58503 |           360 |  0.52817 |          0.07499 |
|                field.halo_ex_1 |      14.9254 |      22.53783 |      47.1855 |     9.63824 |     17.24305 |     41.4336 |         46335 |  7.69213 |          0.00049 |
|                field.halo_ex_2 |      0.49922 |        0.8222 |      2.01754 |     0.35557 |      0.61506 |     1.59851 |          1986 |  0.27438 |          0.00041 |
|                field.halo_ex_6 |      0.38453 |       0.41127 |      0.48323 |     0.09164 |      0.12022 |     0.18797 |           255 |  0.05363 |          0.00161 |
|                field.halo_ex_7 |      1.66542 |       2.06872 |      3.30212 |     1.35834 |      1.76206 |      2.9992 |          4849 |  0.78606 |          0.00043 |
|                field.halo_ex_8 |      3.63937 |       5.17092 |      7.13755 |     3.40391 |      4.93661 |     6.91703 |         11894 |  2.20222 |          0.00043 |
|               field.initialise |      0.59796 |       0.71275 |      0.87528 |     0.59796 |      0.71275 |     0.87528 |        379316 |  0.31796 |              0.0 |
|                     field.read |      23.3279 |      23.50756 |      23.6079 |       2e-05 |        7e-05 |     0.00046 |            62 |    3e-05 |          0.37915 |
|                    field.write |        0.541 |       0.96068 |      1.17681 |      0.0989 |      0.12405 |     0.14441 |         37951 |  0.05534 |            3e-05 |
|                 fs.constructor |      0.02083 |       0.03188 |       0.0399 |     0.02083 |      0.03188 |      0.0399 |            71 |  0.01422 |          0.00045 |
|      gungho_diagnostics_driver |       9.0843 |       9.57598 |      10.3913 |     7.29424 |       9.0333 |     9.86567 |           181 |  4.02976 |          0.05291 |
|         gungho_driver.finalise |      0.51909 |       0.51957 |      0.51993 |     0.01948 |      0.02334 |     0.02694 |             1 |  0.01041 |          0.51957 |
|   gungho_driver.first_timestep |      9.67617 |       9.79295 |      9.94052 |       4e-05 |      0.00011 |     0.00034 |             1 |    5e-05 |          9.79295 |
|       gungho_driver.initialise |      30.3913 |      30.54088 |      30.6567 |      1.4151 |      1.70031 |     1.93452 |             1 |  0.75851 |         30.54088 |
|        gungho_driver.mesh_init |      0.94129 |       0.97259 |      0.98426 |     0.94129 |      0.97259 |     0.98426 |             1 |  0.43387 |          0.97259 |
|         gungho_driver.timestep |      182.561 |     182.62141 |      182.646 |     0.00185 |      0.00272 |     0.00443 |           179 |  0.00121 |          1.02023 |
|                gungho_timestep |      181.033 |     181.59093 |      182.604 |     0.01341 |      0.02272 |     0.02761 |           180 |  0.01013 |          1.00884 |
|          halo_routing_creation |      6.09211 |       6.30325 |      7.01872 |     6.09211 |      6.30325 |     7.01872 |         65319 |  2.81188 |           0.0001 |
|                      init_lbcs |      0.10683 |       0.13746 |      0.26373 |     0.01935 |      0.03685 |     0.13007 |             1 |  0.01644 |          0.13746 |
|                 jules.explicit |      0.32479 |       0.85189 |      2.02073 |      0.3178 |      0.84344 |     2.01113 |           180 |  0.37626 |          0.00473 |
|                    jules.extra |      0.02705 |       0.29696 |       0.9291 |     0.01577 |       0.2832 |     0.91479 |           180 |  0.12633 |          0.00165 |
|                 jules.implicit |      0.44756 |       1.04194 |      2.13885 |     0.43859 |      1.02974 |     2.12543 |           720 |  0.45937 |          0.00145 |
|                jules.radiation |      0.15221 |       0.20525 |      0.31143 |     0.13275 |      0.18546 |     0.26858 |           180 |  0.08273 |          0.00114 |
|                   leonard_term |      0.52715 |       0.97155 |      3.81111 |     0.24566 |      0.33675 |      0.4479 |           180 |  0.15023 |           0.0054 |
|    lfric_xios.finalise_context |      0.49248 |       0.49623 |      0.50007 |       2e-05 |        8e-05 |     0.00013 |             1 |    3e-05 |          0.49623 |
|        lfric_xios.init_context |      0.12966 |       0.18236 |      0.35831 |     0.11305 |      0.16546 |     0.34404 |             1 |  0.07381 |          0.18236 |
|           lfric_xios.read_fldg |      23.3279 |      23.50747 |      23.6078 |     23.2924 |     23.36631 |     23.3836 |            62 | 10.42371 |          0.37915 |
|          lfric_xios.write_fldg |      0.44063 |       0.83648 |      1.05245 |     0.44063 |      0.83648 |     1.05245 |           211 |  0.37315 |          0.00396 |
|              locate_tropopause |      0.02304 |       0.02765 |       0.0338 |     0.02216 |       0.0266 |     0.03238 |           180 |  0.01186 |          0.00015 |
|    mappings.map_physics_fields |      6.85666 |       8.92151 |      10.5798 |     6.65865 |      8.16049 |     10.0354 |           181 |  3.64039 |          0.04929 |
|              mappings.set_wind |      3.35954 |       3.70203 |      5.27819 |     0.11067 |      0.25632 |      0.3576 |           180 |  0.11434 |          0.02057 |
|         mass_matrix_solver_alg |      5.99849 |       6.43503 |      7.14623 |     3.89872 |      5.04819 |     5.53465 |          1082 |    2.252 |          0.00595 |
|             microphysics.casim |      10.1246 |      13.58464 |      16.8933 |     10.1113 |     13.57035 |     16.8803 |           180 |  6.05373 |          0.07547 |
|    microphysics.casim_activate |      0.01438 |       0.02461 |      0.03224 |     0.01288 |      0.02311 |     0.03066 |           181 |  0.01031 |          0.00014 |
|      mixed_solver.schur_precon |      12.0756 |      12.34243 |      12.8528 |     0.00349 |      0.00505 |      0.0073 |           720 |  0.00225 |          0.01714 |
|  pressure_solver.helmholtz_lhs |      6.49373 |       6.79644 |      8.21384 |     4.63418 |      5.57382 |     5.95557 |         19440 |  2.48648 |          0.00035 |
|           radiation.illuminate |      0.08948 |       0.11631 |      0.18402 |     0.08948 |      0.11631 |     0.18402 |           180 |  0.05189 |          0.00065 |
|                   radiation.lw |      1.77582 |       2.71544 |      3.03676 |     1.77582 |      2.71544 |     3.03676 |           180 |  1.21136 |          0.01509 |
|                   radiation.sw |      0.01478 |       0.02838 |      0.04418 |     0.01478 |      0.02838 |     0.04418 |           180 |  0.01266 |          0.00016 |
|       runtime_constants.dycore |      1.21391 |       1.63668 |      1.72745 |      1.2139 |      1.63667 |     1.72743 |            13 |  0.73012 |           0.1259 |
|          runtime_constants.fem |      1.00262 |       1.13013 |      1.28245 |     0.65741 |      0.89298 |     0.92295 |            31 |  0.39836 |          0.03646 |
|    runtime_constants.geometric |      0.48578 |       0.53379 |      0.71841 |     0.21416 |      0.29586 |     0.30953 |            26 |  0.13198 |          0.02053 |
| runtime_constants.limited_area |      0.04052 |       0.05291 |      0.08287 |     0.00303 |      0.00765 |     0.01227 |            15 |  0.00341 |          0.00353 |
|      runtime_constants.mapping |      0.07511 |        0.0963 |      0.10407 |     0.07511 |       0.0963 |     0.10407 |             1 |  0.04296 |           0.0963 |
|      runtime_constants.physics |      0.51776 |       0.52191 |      0.52558 |      0.0015 |      0.00538 |     0.00883 |             1 |   0.0024 |          0.52191 |
|       runtime_constants.solver |      0.00109 |       0.00158 |      0.00225 |     0.00108 |      0.00157 |     0.00224 |            16 |   0.0007 |           0.0001 |
|    runtime_constants.transport |      0.00203 |       0.00315 |      0.00543 |     0.00202 |      0.00313 |      0.0054 |             4 |   0.0014 |          0.00079 |
|          schur_precon.back_sub |      1.23767 |       1.37438 |      1.61578 |     0.74577 |      0.99856 |     1.25254 |           720 |  0.44546 |          0.00191 |
|   schur_precon.pressure_solver |      9.20756 |       9.53625 |      10.5144 |     2.25109 |       2.7259 |     2.82708 |           720 |  1.21602 |          0.01324 |
|               schur_precon.rhs |      0.95873 |       1.42214 |      1.55129 |     0.95069 |      1.41514 |     1.54507 |           720 |  0.63129 |          0.00198 |
|         semi_implicit_timestep |      181.018 |     181.56758 |      182.586 |     4.69001 |      6.25178 |     6.62889 |           180 |  2.78892 |          1.00871 |
|                   slow_physics |      36.4497 |      36.55562 |      36.7824 |     0.68384 |      1.20294 |     1.82454 |           180 |  0.53663 |          0.20309 |
|                    smagorinsky |      3.78709 |       5.16911 |      7.81143 |     1.48361 |      1.91143 |     2.36929 |           360 |  0.85269 |          0.01436 |
|            solver.mixed_solver |       12.602 |      12.80644 |      13.1441 |     0.27309 |      0.44225 |     0.53785 |           720 |  0.19729 |          0.01779 |
|              stoch_phys.blpert |      0.15909 |       2.21451 |      6.28902 |     0.04861 |      0.06132 |     0.09224 |           360 |  0.02736 |          0.00615 |
|      transport.controller_init |      1.97074 |       2.18136 |      2.87389 |     1.01847 |      1.26203 |     2.14426 |           360 |  0.56299 |          0.00606 |
|      transport.ffsl_horizontal |      11.5476 |      12.05853 |      12.6881 |     6.12355 |      7.44562 |     9.31527 |          2340 |  3.32149 |          0.00515 |
|        transport.ffsl_vertical |      3.75539 |       4.39112 |      4.65721 |      3.2615 |      3.80425 |     4.03222 |          7200 |  1.69708 |          0.00061 |
|         transport.flux_precomp |      2.27281 |       2.67886 |      2.89503 |     0.86145 |      1.07592 |     1.13206 |          8460 |  0.47997 |          0.00032 |
|    transport.flux_precomp_init |      0.43572 |       0.60335 |      0.64394 |     0.42209 |       0.5893 |     0.63047 |          3244 |  0.26289 |          0.00019 |
|         transport.hori_dep_pts |      1.26211 |       1.57796 |      1.77178 |     0.68187 |      0.87965 |     0.99149 |          1080 |  0.39241 |          0.00146 |
|        transport.sl_horizontal |      7.76799 |        8.0439 |      8.48772 |      3.2983 |      4.18406 |     4.39245 |          2700 |  1.86651 |          0.00298 |
|          transport.sl_vertical |      5.47213 |       5.64171 |      6.00284 |     1.08298 |      1.54038 |     1.80244 |          2880 |  0.68716 |          0.00196 |
|                 transport.wind |      17.3187 |      17.76128 |      17.9577 |     4.55132 |      6.07004 |     6.31603 |           360 |  2.70784 |          0.04934 |
|         transport.wind_precomp |      2.66506 |       2.86063 |      3.97973 |     1.72058 |       2.0993 |     2.22134 |          2160 |   0.9365 |          0.00132 |
|   transport.wind_precomp_final |      6.64672 |        7.5472 |       8.4383 |     6.64672 |       7.5472 |      8.4383 |          2160 |   3.3668 |          0.00349 |
|    transport.wind_precomp_init |      0.56007 |       0.84581 |      0.91137 |     0.54604 |      0.83231 |     0.89956 |           360 |  0.37129 |          0.00235 |
|                    update_lbcs |       0.9673 |       1.39053 |      1.48819 |     0.88882 |      1.30906 |     1.40974 |           180 |  0.58397 |          0.00773 |
|  xios.close_context_definition |      2.82478 |       2.83872 |      2.91184 |     2.82478 |      2.83872 |     2.91184 |             1 |  1.26635 |          2.83872 |
|          xios.context_finalize |       0.4924 |       0.49615 |          0.5 |      0.4924 |      0.49615 |         0.5 |             1 |  0.22133 |          0.49615 |
|           xios.update_calendar |      0.66451 |       0.68425 |      0.73747 |     0.66451 |      0.68425 |     0.73747 |           182 |  0.30524 |          0.00376 |