|                        Routine | Total Min(s) | Total Mean(s) | Total Max(s) | Self Min(s) | Self Mean(s) | Self Max(s) | Max no. calls |   % time | Time per call(s) |
|                  __lfric_atm__ |      254.369 |     254.37005 |      254.371 |     0.00303 |      0.00528 |     0.00788 |             1 |  0.00208 |        254.37005 |
|                      __setup__ |      35.0341 |      35.21605 |      35.3104 |       7e-05 |      0.00049 |     0.00105 |             1 |  0.00019 |         35.21605 |
|                    __vernier__ |      0.21314 |       0.25247 |      0.26847 |     0.21314 |      0.25247 |     0.26847 |        621543 |  0.09925 |              0.0 |
|            aerosol.glomap_clim |      2.23699 |       2.69989 |      2.82052 |     2.23663 |      2.69951 |      2.8201 |           180 |  1.06125 |            0.015 |
|                 aerosol.radaer |      0.54009 |       0.69452 |      0.76777 |     0.53983 |      0.69419 |     0.76745 |             3 |   0.2729 |          0.23151 |
|           aerosol.stratosphere |      0.00561 |       0.00901 |      0.01554 |     0.00561 |      0.00901 |     0.01554 |           180 |  0.00354 |            5e-05 |
|                    bl.explicit |      4.46029 |       9.75148 |      16.3019 |     2.78269 |       3.6254 |     4.23119 |           360 |  1.42525 |          0.02709 |
|                    bl.implicit |      16.8972 |      22.14221 |      28.4367 |     14.8642 |     20.80145 |     27.5552 |           360 |  8.17764 |          0.06151 |
|                          cloud |      2.22343 |       5.18271 |      8.76346 |     2.20994 |      5.16832 |     8.75001 |           180 |  2.03181 |          0.02879 |
|                   cloud.bm_tau |      0.68545 |       0.87381 |      1.02754 |     0.68545 |      0.87381 |     1.02754 |           180 |  0.34352 |          0.00485 |
|                   diags.bl_exp |      0.03388 |       0.04382 |      0.04996 |     0.00437 |      0.00604 |     0.00888 |           360 |  0.00237 |          0.00012 |
|                   diags.bl_imp |      0.07611 |       0.09518 |      0.12073 |     0.05309 |      0.06402 |     0.07501 |           540 |  0.02517 |          0.00018 |
|                   diags.blpert |      0.00412 |       0.00548 |      0.00824 |       4e-05 |        6e-05 |     0.00032 |           360 |    2e-05 |            2e-05 |
|                    diags.casim |      0.03051 |         0.038 |      0.04932 |     0.01257 |      0.01743 |     0.02474 |           360 |  0.00685 |          0.00011 |
|                    diags.cloud |      0.05451 |       0.06682 |      0.08073 |     0.04784 |      0.05496 |     0.06441 |           360 |   0.0216 |          0.00019 |
|                 diags.dynamics |      0.02926 |        0.0308 |      0.03345 |     0.02773 |      0.02924 |     0.03178 |           180 |  0.01149 |          0.00017 |
|                 diags.electric |       0.0086 |       0.00987 |      0.01334 |     0.00739 |      0.00837 |     0.01118 |           360 |  0.00329 |            3e-05 |
|              diags.glomap_clim |      0.02014 |       0.02641 |      0.03257 |      0.0004 |      0.00068 |     0.00105 |           180 |  0.00027 |          0.00015 |
|               diags.illuminate |      0.00398 |       0.00663 |      0.01287 |       7e-05 |      0.00015 |     0.00069 |           180 |    6e-05 |            4e-05 |
|                diags.jules_exp |      0.01653 |       0.18646 |      0.37477 |     0.00546 |       0.0063 |     0.00718 |           360 |  0.00248 |          0.00052 |
|                diags.jules_imp |      0.02863 |       0.04573 |        0.059 |     0.00782 |      0.01064 |     0.01634 |           360 |  0.00418 |          0.00013 |
|             diags.jules_seaice |      0.00348 |       0.00541 |      0.00982 |     0.00092 |      0.00144 |       0.003 |           180 |  0.00057 |            3e-05 |
|               diags.jules_snow |      0.00787 |       0.01054 |      0.01821 |      0.0037 |      0.00471 |     0.00579 |           360 |  0.00185 |            3e-05 |
|               diags.jules_soil |       0.0121 |       0.01736 |      0.02886 |      0.0068 |      0.00769 |      0.0085 |           360 |  0.00302 |            5e-05 |
|        diags.locate_tropopause |      0.00173 |       0.00213 |      0.00277 |       2e-05 |        2e-05 |       7e-05 |           180 |    1e-05 |            1e-05 |
|             diags.microphysics |      0.01804 |       0.02485 |      0.03387 |     0.00011 |      0.00021 |       0.001 |           180 |    8e-05 |          0.00014 |
|                     diags.pmsl |      0.08098 |       0.08682 |      0.09651 |     0.03896 |      0.05538 |     0.06242 |           180 |  0.02177 |          0.00048 |
|             diags.pressure_lev |      0.02095 |       0.02602 |      0.02779 |     0.02023 |      0.02508 |     0.02691 |           180 |  0.00986 |          0.00014 |
|                   diags.radaer |      0.00028 |       0.00035 |      0.00069 |     0.00026 |      0.00034 |     0.00067 |             9 |  0.00013 |            4e-05 |
|                diags.radiation |      0.17505 |        0.3196 |      0.56303 |      0.1045 |      0.11659 |     0.13308 |           360 |  0.04584 |          0.00089 |
|              diags.smagorinsky |      0.00802 |       0.00989 |      0.01325 |       9e-05 |      0.00015 |     0.00038 |           360 |    6e-05 |            3e-05 |
|  dynamics.compute_si_operators |      15.2496 |      15.42865 |      16.2057 |      9.4862 |     12.55028 |     13.1164 |           180 |  4.93387 |          0.08571 |
|       dynamics.phys_predictors |      3.88563 |       5.02973 |      6.15834 |     0.30011 |      0.46414 |     0.58298 |           360 |  0.18247 |          0.01397 |
|               dynamics.rhs_alg |      7.73444 |       8.65186 |      10.3392 |     5.00914 |      6.55861 |     6.99834 |           900 |  2.57837 |          0.00961 |
|               dynamics.rhs_lbc |      0.94292 |       1.04832 |      1.13072 |     0.56267 |      0.85688 |     0.94452 |           180 |  0.33686 |          0.00582 |
|                dynamics.solver |      15.5147 |      15.63501 |      15.8522 |     1.96597 |       2.7489 |      2.9274 |           720 |  1.08067 |          0.02172 |
|             dynamics.transport |      49.7434 |      50.03117 |       52.193 |     3.14361 |      3.53128 |     3.73701 |           360 |  1.38825 |          0.13898 |
|  dynamics.transport_predictors |      2.03843 |       2.14178 |      2.26629 |     0.08134 |       0.1098 |     0.12828 |           180 |  0.04317 |           0.0119 |
|                       electric |      0.26019 |       0.30776 |      0.36216 |     0.11523 |       0.1411 |     0.18768 |           180 |  0.05547 |          0.00171 |
|                   fast_physics |      33.2206 |      33.64617 |      34.5494 |     0.71797 |      0.84229 |     1.03308 |           360 |  0.33113 |          0.09346 |
|                field.halo_ex_1 |      19.5799 |      31.81724 |      50.3997 |     11.0935 |     23.30115 |     41.4587 |         46335 |  9.16034 |          0.00069 |
|                field.halo_ex_2 |      0.48633 |       0.87499 |      2.65094 |     0.35676 |      0.67492 |     2.29943 |          1986 |  0.26533 |          0.00044 |
|                field.halo_ex_6 |      0.40658 |        0.4409 |         0.51 |     0.09084 |      0.12588 |     0.19252 |           255 |  0.04949 |          0.00173 |
|                field.halo_ex_7 |      1.80315 |       2.16206 |      3.11086 |     1.48639 |      1.84676 |     2.79903 |          4849 |  0.72601 |          0.00045 |
|                field.halo_ex_8 |      4.19827 |       5.46198 |      7.08309 |     3.95747 |      5.21419 |     6.84754 |         11894 |  2.04984 |          0.00046 |
|               field.initialise |      0.54026 |       0.65301 |      0.81651 |     0.54026 |      0.65301 |     0.81651 |        379328 |  0.25672 |              0.0 |
|                     field.read |      25.3044 |      25.70174 |      25.8163 |       2e-05 |        4e-05 |     0.00015 |            62 |    2e-05 |          0.41454 |
|                    field.write |      0.42693 |        0.7191 |      0.96797 |     0.09932 |      0.11821 |      0.1323 |         37951 |  0.04647 |            2e-05 |
|                 fs.constructor |      0.03343 |       0.04617 |      0.05367 |     0.03343 |      0.04617 |     0.05367 |            71 |  0.01815 |          0.00065 |
|      gungho_diagnostics_driver |      9.10997 |       9.54584 |      9.73214 |     7.27738 |      8.96574 |     9.15348 |           181 |  3.52468 |          0.05274 |
|         gungho_driver.finalise |      0.45081 |       0.45097 |      0.45123 |     0.02211 |      0.02954 |     0.03281 |             1 |  0.01161 |          0.45097 |
|   gungho_driver.first_timestep |      13.0995 |      13.19349 |      13.3752 |       4e-05 |      0.00012 |      0.0002 |             1 |    5e-05 |         13.19349 |
|       gungho_driver.initialise |      35.0333 |      35.21557 |      35.3103 |     1.97723 |      2.31196 |     2.55653 |             1 |   0.9089 |         35.21557 |
|        gungho_driver.mesh_init |      1.22799 |        1.2529 |      1.26436 |     1.22799 |       1.2529 |     1.26436 |             1 |  0.49255 |           1.2529 |
|         gungho_driver.timestep |      204.784 |       204.798 |      204.822 |     0.00188 |      0.00264 |     0.00365 |           179 |  0.00104 |          1.14412 |
|                gungho_timestep |      206.865 |     207.08666 |      207.946 |     0.01587 |      0.02293 |     0.02705 |           180 |  0.00901 |          1.15048 |
|          halo_routing_creation |      9.37098 |        9.5665 |      10.2192 |     9.37098 |       9.5665 |     10.2192 |         65319 |  3.76086 |          0.00015 |
|                      init_lbcs |      0.13373 |        0.1512 |      0.26381 |     0.03275 |      0.05146 |     0.13572 |             1 |  0.02023 |           0.1512 |
|                 jules.explicit |      0.36206 |       0.92124 |       2.1632 |     0.35533 |       0.9137 |     2.15483 |           180 |   0.3592 |          0.00512 |
|                    jules.extra |      0.02813 |        0.3427 |      1.20039 |     0.01668 |      0.32965 |      1.1864 |           180 |  0.12959 |           0.0019 |
|                 jules.implicit |      0.48753 |       1.19045 |      2.39952 |     0.47861 |      1.17837 |     2.38657 |           720 |  0.46325 |          0.00165 |
|                jules.radiation |      0.18163 |       0.22691 |      0.34317 |     0.16531 |      0.20767 |     0.31013 |           180 |  0.08164 |          0.00126 |
|                   leonard_term |      0.56414 |       1.29869 |      2.81689 |     0.27292 |       0.3499 |     0.43989 |           180 |  0.13756 |          0.00721 |
|    lfric_xios.finalise_context |      0.41808 |       0.42143 |       0.4289 |       1e-05 |        8e-05 |     0.00013 |             1 |    3e-05 |          0.42143 |
|        lfric_xios.init_context |       0.1414 |       0.31845 |      0.50288 |     0.11977 |      0.29631 |     0.47623 |             1 |  0.11649 |          0.31845 |
|           lfric_xios.read_fldg |      25.3044 |      25.70168 |      25.8162 |     25.2567 |     25.63503 |     25.6753 |            62 | 10.07785 |          0.41454 |
|          lfric_xios.write_fldg |      0.32471 |       0.60077 |      0.84821 |     0.32471 |      0.60077 |     0.84821 |           211 |  0.23618 |          0.00285 |
|              locate_tropopause |      0.02235 |       0.02654 |      0.03384 |      0.0216 |      0.02554 |     0.03263 |           180 |  0.01004 |          0.00015 |
|    mappings.map_physics_fields |      6.26335 |       9.83996 |      12.8583 |     6.11269 |      8.45472 |     11.5542 |           181 |  3.32379 |          0.05436 |
|              mappings.set_wind |      6.75186 |       7.10046 |      10.0389 |     0.15155 |      0.32948 |     0.46551 |           180 |  0.12953 |          0.03945 |
|         mass_matrix_solver_alg |      5.60775 |       6.72086 |      7.99259 |     3.82724 |      4.75303 |     5.11255 |          1082 |  1.86855 |          0.00621 |
|             microphysics.casim |      18.5544 |      24.92287 |      30.7751 |     18.5383 |     24.90838 |     30.7606 |           180 |  9.79218 |          0.13846 |
|    microphysics.casim_activate |      0.01658 |       0.02516 |      0.03411 |     0.01523 |      0.02373 |     0.03236 |           181 |  0.00933 |          0.00014 |
|      mixed_solver.schur_precon |      12.0897 |      12.25559 |      12.7081 |     0.00309 |      0.00498 |     0.00699 |           720 |  0.00196 |          0.01702 |
|  pressure_solver.helmholtz_lhs |      6.33276 |       6.64592 |      8.05688 |     4.66057 |      5.43438 |     5.54323 |         19440 |  2.13641 |          0.00034 |
|           radiation.illuminate |       0.1073 |       0.12309 |      0.18189 |      0.1073 |      0.12309 |     0.18189 |           180 |  0.04839 |          0.00068 |
|                   radiation.lw |      2.01448 |       3.01394 |       3.3346 |     2.01448 |      3.01394 |      3.3346 |           180 |  1.18487 |          0.01674 |
|                   radiation.sw |      0.02433 |       0.03396 |      0.04634 |     0.02433 |      0.03396 |     0.04634 |           180 |  0.01335 |          0.00019 |
|       runtime_constants.dycore |      1.19801 |       1.57713 |      1.62298 |       1.198 |      1.57711 |     1.62297 |            13 |  0.62001 |          0.12132 |
|          runtime_constants.fem |      0.97973 |       1.08069 |       1.2682 |      0.6461 |      0.85706 |      0.8974 |            31 |  0.33694 |          0.03486 |
|    runtime_constants.geometric |       0.4857 |       0.53897 |      0.66385 |     0.21209 |      0.28629 |     0.30037 |            26 |  0.11255 |          0.02073 |
| runtime_constants.limited_area |      0.03284 |        0.0419 |      0.05766 |     0.00418 |      0.01112 |     0.01606 |            15 |  0.00437 |          0.00279 |
|      runtime_constants.mapping |      0.07201 |        0.0934 |      0.09819 |     0.07201 |       0.0934 |     0.09819 |             1 |  0.03672 |           0.0934 |
|      runtime_constants.physics |      0.56127 |       0.56484 |       0.5672 |     0.00171 |      0.00475 |     0.00625 |             1 |  0.00187 |          0.56484 |
|       runtime_constants.solver |      0.00149 |       0.00195 |      0.00289 |     0.00148 |      0.00194 |     0.00287 |            16 |  0.00076 |          0.00012 |
|    runtime_constants.transport |      0.00224 |       0.00296 |      0.00453 |     0.00223 |      0.00294 |     0.00451 |             4 |  0.00115 |          0.00074 |
|          schur_precon.back_sub |      1.32362 |       1.41589 |      1.47966 |     0.77474 |      1.02529 |     1.07548 |           720 |  0.40307 |          0.00197 |
|   schur_precon.pressure_solver |      9.09751 |       9.38903 |      10.3655 |     2.27271 |      2.72883 |     2.81923 |           720 |  1.07278 |          0.01304 |
|               schur_precon.rhs |      1.01096 |       1.44187 |      1.53728 |     1.00488 |      1.43523 |     1.53136 |           720 |  0.56423 |            0.002 |
|         semi_implicit_timestep |      206.844 |     207.06321 |      207.927 |     4.77423 |      6.27972 |     6.58913 |           180 |  2.46873 |          1.15035 |
|                   slow_physics |      53.6111 |      53.66452 |      53.8391 |     0.63174 |      1.04483 |     2.44217 |           180 |  0.41075 |          0.29814 |
|                    smagorinsky |      3.61247 |       6.50547 |      10.5563 |      1.6128 |      2.12792 |     2.50342 |           360 |  0.83654 |          0.01807 |
|            solver.mixed_solver |      12.5933 |      12.71005 |      13.0186 |     0.29708 |      0.43698 |     0.50725 |           720 |  0.17179 |          0.01765 |
|              stoch_phys.blpert |      0.10009 |       3.73646 |      10.7043 |     0.05483 |      0.06758 |     0.08528 |           360 |  0.02657 |          0.01038 |
|      transport.controller_init |      1.92284 |       2.09221 |      2.73364 |     1.00338 |      1.19225 |      2.0472 |           360 |  0.46871 |          0.00581 |
|      transport.ffsl_horizontal |      11.6407 |      11.98845 |      12.4007 |     6.14445 |      7.32846 |     8.71272 |          2340 |  2.88102 |          0.00512 |
|        transport.ffsl_vertical |      3.79068 |       4.27649 |      4.44239 |      3.2661 |      3.67632 |     3.84971 |          7200 |  1.44526 |          0.00059 |
|         transport.flux_precomp |      2.31339 |       2.75556 |      2.90889 |     0.89076 |      1.09544 |     1.14363 |          8460 |  0.43065 |          0.00033 |
|    transport.flux_precomp_init |      0.44022 |       0.59372 |      0.63262 |     0.42769 |      0.58093 |     0.62096 |          3244 |  0.22838 |          0.00018 |
|         transport.hori_dep_pts |      1.35848 |       1.63658 |      1.77636 |     0.68878 |      0.88135 |     0.95964 |          1080 |  0.34648 |          0.00152 |
|        transport.sl_horizontal |       8.1174 |       8.32173 |      8.64592 |     3.35984 |      4.09686 |      4.2326 |          2700 |  1.61059 |          0.00308 |
|          transport.sl_vertical |      5.65847 |       5.82897 |      6.19994 |     1.20884 |      1.57002 |     1.71797 |          2880 |  0.61722 |          0.00202 |
|                 transport.wind |      17.5558 |      17.91502 |      18.1031 |     4.54885 |       5.8621 |     6.12554 |           360 |  2.30455 |          0.04976 |
|         transport.wind_precomp |      2.80597 |       3.01848 |      4.03187 |     1.83658 |      2.16143 |      2.2605 |          2160 |  0.84972 |           0.0014 |
|   transport.wind_precomp_final |      6.66365 |       7.01562 |      9.22263 |     6.66365 |      7.01562 |     9.22263 |          2160 |  2.75804 |          0.00325 |
|    transport.wind_precomp_init |      0.58971 |       0.84543 |      0.92694 |     0.57838 |      0.83241 |     0.91421 |           360 |  0.32724 |          0.00235 |
|                    update_lbcs |      1.19133 |       1.51217 |      1.61999 |     1.10802 |      1.43631 |     1.54649 |           180 |  0.56465 |           0.0084 |
|  xios.close_context_definition |      4.35491 |       4.38699 |      4.76272 |     4.35491 |      4.38699 |     4.76272 |             1 |  1.72465 |          4.38699 |
|          xios.context_finalize |      0.41802 |       0.42135 |      0.42882 |     0.41802 |      0.42135 |     0.42882 |             1 |  0.16564 |          0.42135 |
|           xios.update_calendar |      0.68619 |       0.70761 |      0.74324 |     0.68619 |      0.70761 |     0.74324 |           182 |  0.27818 |          0.00389 |