|                        Routine | Total Min(s) | Total Mean(s) | Total Max(s) | Self Min(s) | Self Mean(s) | Self Max(s) | Max no. calls |   % time | Time per call(s) |
|                  __lfric_atm__ |      220.695 |     220.69745 |      220.701 |     0.00337 |      0.00923 |     0.01626 |             1 |  0.00418 |        220.69745 |
|                      __setup__ |      33.5432 |      33.68476 |      34.0491 |       7e-05 |      0.00254 |     0.00753 |             1 |  0.00115 |         33.68476 |
|                    __vernier__ |      0.24156 |       0.29483 |      0.32892 |     0.24156 |      0.29483 |     0.32892 |        622199 |  0.13359 |              0.0 |
|            aerosol.glomap_clim |      2.20124 |       2.71596 |      2.89112 |     2.20093 |      2.71559 |     2.89075 |           180 |  1.23046 |          0.01509 |
|                 aerosol.radaer |      0.54044 |       0.69595 |      0.78636 |     0.54017 |      0.69547 |     0.78594 |             3 |  0.31512 |          0.23198 |
|           aerosol.stratosphere |      0.00477 |        0.0099 |      0.02115 |     0.00477 |       0.0099 |     0.02115 |           180 |  0.00449 |            5e-05 |
|                    bl.explicit |      3.98328 |       6.96454 |      10.7953 |     2.62177 |      3.83817 |     4.43971 |           360 |  1.73911 |          0.01935 |
|                    bl.implicit |      11.8316 |      15.83216 |      18.2502 |     11.2122 |     14.73672 |     16.8265 |           360 |  6.67734 |          0.04398 |
|                          cloud |      1.31784 |       2.17358 |       3.2305 |     1.30421 |      2.15817 |     3.21496 |           180 |  0.97789 |          0.01208 |
|                   cloud.bm_tau |      0.44767 |       0.72456 |      0.84895 |     0.44767 |      0.72456 |     0.84895 |           180 |   0.3283 |          0.00403 |
|                   diags.bl_exp |      0.02047 |       0.03647 |      0.04492 |     0.00463 |      0.00714 |     0.01215 |           360 |  0.00324 |           0.0001 |
|                   diags.bl_imp |      0.07131 |       0.09457 |       0.1161 |     0.05411 |      0.06965 |     0.08133 |           540 |  0.03156 |          0.00018 |
|                   diags.blpert |      0.00427 |       0.00581 |       0.0082 |       4e-05 |        6e-05 |       8e-05 |           360 |    3e-05 |            2e-05 |
|                    diags.casim |      0.02604 |       0.03385 |      0.04223 |     0.01293 |      0.01723 |     0.02239 |           360 |  0.00781 |            9e-05 |
|                    diags.cloud |       0.0528 |       0.06949 |      0.08079 |      0.0482 |      0.05874 |     0.06473 |           360 |  0.02662 |          0.00019 |
|                 diags.dynamics |      0.02964 |       0.03612 |      0.04575 |     0.02817 |      0.03437 |      0.0434 |           180 |  0.01557 |           0.0002 |
|                 diags.electric |      0.00873 |       0.01282 |      0.01894 |     0.00746 |      0.01083 |     0.01557 |           360 |  0.00491 |            4e-05 |
|              diags.glomap_clim |      0.01837 |       0.02541 |      0.03732 |     0.00039 |      0.00077 |     0.00231 |           180 |  0.00035 |          0.00014 |
|               diags.illuminate |      0.00396 |       0.00632 |      0.01035 |       6e-05 |      0.00011 |     0.00065 |           180 |    5e-05 |            4e-05 |
|                diags.jules_exp |      0.10628 |       0.41927 |      0.75615 |     0.00603 |      0.00814 |     0.01058 |           360 |  0.00369 |          0.00116 |
|                diags.jules_imp |      0.02003 |       0.02933 |      0.04122 |     0.00797 |      0.01125 |      0.0144 |           360 |   0.0051 |            8e-05 |
|             diags.jules_seaice |      0.00324 |       0.00548 |      0.00925 |      0.0008 |      0.00147 |     0.00277 |           180 |  0.00067 |            3e-05 |
|               diags.jules_snow |       0.0071 |       0.01105 |      0.02402 |     0.00354 |      0.00475 |     0.00586 |           360 |  0.00215 |            3e-05 |
|               diags.jules_soil |      0.01647 |       0.04246 |      0.07827 |     0.00655 |       0.0087 |     0.01015 |           360 |  0.00394 |          0.00012 |
|        diags.locate_tropopause |      0.00191 |       0.00253 |      0.00352 |       1e-05 |        2e-05 |     0.00012 |           180 |    1e-05 |            1e-05 |
|             diags.microphysics |       0.0146 |       0.01986 |       0.0274 |       9e-05 |      0.00015 |     0.00047 |           180 |    7e-05 |          0.00011 |
|                     diags.pmsl |       0.0892 |       0.12031 |      0.13447 |     0.03527 |      0.06519 |     0.07653 |           180 |  0.02954 |          0.00067 |
|             diags.pressure_lev |      0.02149 |       0.02832 |      0.04449 |     0.02062 |      0.02737 |     0.04257 |           180 |   0.0124 |          0.00016 |
|                   diags.radaer |      0.00028 |       0.00069 |      0.00216 |     0.00026 |      0.00067 |     0.00214 |             9 |   0.0003 |            8e-05 |
|                diags.radiation |      0.29917 |       0.37643 |      0.61353 |     0.10811 |      0.14486 |     0.16761 |           360 |  0.06564 |          0.00105 |
|              diags.smagorinsky |      0.00798 |       0.01118 |      0.01503 |       8e-05 |      0.00014 |     0.00047 |           360 |    6e-05 |            3e-05 |
|  dynamics.compute_si_operators |      16.6989 |      17.92806 |      19.1722 |     8.90325 |     13.33437 |     14.1669 |           180 |  6.04192 |           0.0996 |
|       dynamics.phys_predictors |      3.80974 |       5.09002 |      6.69446 |     0.25521 |      0.39359 |     0.50514 |           360 |  0.17834 |          0.01414 |
|               dynamics.rhs_alg |      7.99044 |       9.15379 |      11.4775 |     4.87358 |      7.00207 |     7.78504 |           900 |   3.1727 |          0.01017 |
|               dynamics.rhs_lbc |      0.92041 |       1.10933 |      1.21694 |     0.52355 |      0.90067 |     1.00412 |           180 |   0.4081 |          0.00616 |
|                dynamics.solver |      15.7506 |      16.07493 |      17.0429 |     1.88235 |      2.79246 |     3.42471 |           720 |  1.26529 |          0.02233 |
|             dynamics.transport |      51.4079 |      53.54268 |      56.0821 |       3.047 |      3.60602 |     3.92666 |           360 |  1.63392 |          0.14873 |
|  dynamics.transport_predictors |      2.29273 |       2.43657 |      2.61911 |     0.08598 |      0.12821 |     0.16079 |           180 |  0.05809 |          0.01354 |
|                       electric |      0.25732 |       0.31356 |      0.39792 |     0.08956 |      0.13475 |     0.19614 |           180 |  0.06106 |          0.00174 |
|                   fast_physics |      22.9967 |      23.90385 |      24.7038 |     0.85057 |       1.0994 |     2.23153 |           360 |  0.49815 |           0.0664 |
|                field.halo_ex_1 |      14.1891 |      20.32422 |      49.9458 |     10.5358 |     16.69063 |     45.7458 |         46335 |  7.56268 |          0.00044 |
|                field.halo_ex_2 |      0.46899 |       1.23624 |      4.08682 |      0.3296 |      0.78238 |     3.49069 |          1986 |  0.35451 |          0.00062 |
|                field.halo_ex_6 |      0.43275 |       0.48073 |      0.64381 |     0.13526 |      0.18216 |     0.34375 |           466 |  0.08254 |          0.00103 |
|                field.halo_ex_7 |      1.99997 |       2.51191 |      4.06923 |     1.66107 |      2.16982 |     3.73481 |          5284 |  0.98317 |          0.00048 |
|                field.halo_ex_8 |      3.65964 |       5.15034 |      7.34215 |     3.39918 |      4.88298 |     7.09059 |         11248 |  2.21252 |          0.00046 |
|               field.initialise |       0.5743 |       0.68839 |      0.91155 |      0.5743 |      0.68839 |     0.91155 |        379988 |  0.31191 |              0.0 |
|                     field.read |      24.0902 |       24.4746 |      24.5653 |       2e-05 |      0.00011 |     0.00233 |            62 |    5e-05 |          0.39475 |
|                    field.write |      0.66532 |       1.08861 |      1.73354 |     0.10352 |      0.13645 |     0.15746 |         37951 |  0.06183 |            3e-05 |
|                 fs.constructor |      0.01354 |       0.02555 |      0.03156 |     0.01354 |      0.02555 |     0.03156 |            71 |  0.01158 |          0.00036 |
|      gungho_diagnostics_driver |      9.04351 |       9.93729 |      11.8714 |     7.06559 |      9.09577 |      11.317 |           181 |  4.12137 |           0.0549 |
|         gungho_driver.finalise |      0.51512 |       0.51592 |      0.51685 |     0.02199 |      0.02457 |     0.02888 |             1 |  0.01113 |          0.51592 |
|   gungho_driver.first_timestep |       7.9694 |       8.33599 |      8.47623 |       3e-05 |      0.00012 |     0.00043 |             1 |    5e-05 |          8.33599 |
|       gungho_driver.initialise |      33.5406 |      33.68222 |      34.0483 |     1.07711 |      1.55618 |     2.92562 |             1 |  0.70512 |         33.68222 |
|        gungho_driver.mesh_init |      1.05506 |       1.11273 |      1.13735 |     1.05506 |      1.11273 |     1.13735 |             1 |  0.50419 |          1.11273 |
|         gungho_driver.timestep |      177.321 |     177.41511 |      177.458 |     0.00194 |      0.00321 |     0.00534 |           179 |  0.00145 |          0.99115 |
|                gungho_timestep |        173.3 |     174.73879 |        176.1 |     0.01411 |      0.02281 |     0.03124 |           180 |  0.01033 |          0.97077 |
|          halo_routing_creation |      4.43469 |       4.96174 |      5.81557 |     4.43469 |      4.96174 |     5.81557 |         65319 |  2.24821 |            8e-05 |
|                      init_lbcs |      0.13198 |       0.15221 |      0.29669 |     0.01551 |      0.03747 |     0.13622 |             1 |  0.01698 |          0.15221 |
|                 jules.explicit |      0.28467 |       0.71987 |      1.79782 |     0.27724 |      0.71004 |     1.78852 |           180 |  0.32172 |            0.004 |
|                    jules.extra |      0.02568 |       0.25913 |      0.79525 |      0.0149 |      0.24491 |      0.7804 |           180 |  0.11097 |          0.00144 |
|                 jules.implicit |      0.45269 |       0.95921 |      1.93433 |     0.44285 |      0.94705 |     1.92209 |           720 |  0.42912 |          0.00133 |
|                jules.radiation |       0.1115 |       0.21196 |       0.2984 |      0.0909 |       0.1874 |     0.25027 |           180 |  0.08491 |          0.00118 |
|                   leonard_term |      0.51643 |        0.9342 |      2.34822 |     0.21123 |       0.3477 |     0.48169 |           180 |  0.15755 |          0.00519 |
|    lfric_xios.finalise_context |       0.4867 |       0.49134 |      0.49377 |       5e-05 |        8e-05 |     0.00014 |             1 |    3e-05 |          0.49134 |
|        lfric_xios.init_context |      0.15148 |       1.56592 |      1.92404 |     0.13154 |       1.5409 |     1.88823 |             1 |   0.6982 |          1.56592 |
|           lfric_xios.read_fldg |      24.0901 |      24.47448 |      24.5652 |     24.0554 |     24.42345 |     24.4376 |            62 | 11.06649 |          0.39475 |
|          lfric_xios.write_fldg |      0.52559 |       0.95201 |      1.59452 |     0.52559 |      0.95201 |     1.59452 |           211 |  0.43136 |          0.00451 |
|              locate_tropopause |      0.02123 |       0.02806 |      0.03647 |     0.02035 |      0.02696 |      0.0349 |           180 |  0.01221 |          0.00016 |
|    mappings.map_physics_fields |      7.39646 |       8.51155 |      9.48338 |     7.12623 |       8.0866 |     9.23298 |           181 |  3.66411 |          0.04703 |
|              mappings.set_wind |      1.27976 |       1.54153 |      2.55091 |     0.10337 |      0.20199 |     0.29765 |           180 |  0.09152 |          0.00856 |
|         mass_matrix_solver_alg |      5.87838 |       7.13288 |      8.95069 |     3.94117 |      5.36754 |     6.13361 |          1082 |  2.43208 |          0.00659 |
|             microphysics.casim |      5.62495 |       7.94795 |       10.056 |     5.60957 |      7.93254 |     10.0405 |           180 |   3.5943 |          0.04416 |
|    microphysics.casim_activate |       0.0102 |       0.02465 |      0.03386 |     0.00881 |      0.02308 |     0.03201 |           181 |  0.01046 |          0.00014 |
|      mixed_solver.schur_precon |      12.0437 |      12.58642 |      13.5786 |     0.00422 |      0.00563 |     0.00887 |           720 |  0.00255 |          0.01748 |
|  pressure_solver.helmholtz_lhs |      6.54134 |       6.94611 |      9.10814 |     4.58946 |      5.65592 |     5.82397 |         19440 |  2.56275 |          0.00036 |
|           radiation.illuminate |      0.07468 |       0.11883 |      0.23069 |     0.07468 |      0.11883 |     0.23069 |           180 |  0.05384 |          0.00066 |
|                   radiation.lw |        1.556 |       2.56264 |      2.94618 |       1.556 |      2.56264 |     2.94618 |           180 |  1.16116 |          0.01424 |
|                   radiation.sw |      0.01017 |       0.02873 |      0.04741 |     0.01017 |      0.02873 |     0.04741 |           180 |  0.01302 |          0.00016 |
|       runtime_constants.dycore |      1.23486 |       1.70054 |      1.86022 |     1.23486 |      1.70051 |     1.86022 |            13 |  0.77052 |          0.13081 |
|          runtime_constants.fem |       1.1974 |       1.55219 |      1.71955 |     0.67249 |      0.94989 |     0.99914 |            31 |   0.4304 |          0.05007 |
|    runtime_constants.geometric |      0.49808 |       0.59469 |       0.8017 |     0.21791 |      0.30772 |     0.32499 |            26 |  0.13943 |          0.02287 |
| runtime_constants.limited_area |      0.05024 |       0.06273 |      0.07402 |     0.00238 |      0.01203 |     0.02007 |            15 |  0.00545 |          0.00418 |
|      runtime_constants.mapping |      0.07342 |       0.09972 |      0.10897 |     0.07342 |      0.09972 |     0.10897 |             1 |  0.04519 |          0.09972 |
|      runtime_constants.physics |      0.58442 |       0.59058 |       0.5975 |     0.00091 |      0.00966 |     0.01862 |             1 |  0.00438 |          0.59058 |
|       runtime_constants.solver |      0.00089 |       0.00138 |      0.00234 |     0.00088 |      0.00136 |     0.00232 |            16 |  0.00062 |            9e-05 |
|    runtime_constants.transport |      0.00185 |       0.00339 |      0.00878 |     0.00183 |      0.00336 |     0.00875 |             4 |  0.00152 |          0.00085 |
|          schur_precon.back_sub |      1.25793 |       1.40545 |        1.873 |     0.76754 |      1.06512 |     1.52092 |           720 |  0.48262 |          0.00195 |
|   schur_precon.pressure_solver |      9.30333 |       9.74025 |      11.4002 |     2.23891 |      2.78028 |     2.85915 |           720 |  1.25977 |          0.01353 |
|               schur_precon.rhs |      0.82304 |       1.43004 |      1.57544 |     0.81553 |      1.42284 |     1.56751 |           720 |   0.6447 |          0.00199 |
|         semi_implicit_timestep |      173.283 |      174.7154 |      176.081 |     4.66033 |      6.32921 |     6.76351 |           180 |  2.86782 |          0.97064 |
|                   slow_physics |      27.5146 |      27.67611 |      27.9963 |     0.83396 |      1.26868 |     3.14058 |           180 |  0.57485 |          0.15376 |
|                    smagorinsky |      3.56184 |       5.18756 |      7.31935 |     1.40066 |       2.0307 |     2.31821 |           360 |  0.92013 |          0.01441 |
|            solver.mixed_solver |       12.744 |      13.07549 |      13.8063 |     0.20858 |       0.4606 |     0.66494 |           720 |   0.2087 |          0.01816 |
|              stoch_phys.blpert |      0.23746 |       1.42492 |      5.26573 |     0.04472 |      0.05692 |     0.07858 |           360 |  0.02579 |          0.00396 |
|      transport.controller_init |      2.17056 |       2.45977 |      3.12536 |     1.13358 |      1.45481 |     2.34563 |           360 |  0.65919 |          0.00683 |
|      transport.ffsl_horizontal |      11.5061 |      12.20263 |      12.8126 |     6.08262 |      7.68726 |     9.28089 |          2340 |  3.48316 |          0.00521 |
|        transport.ffsl_vertical |       3.9002 |       4.51326 |      4.79726 |     3.40297 |      3.93403 |     4.21223 |          7200 |  1.78255 |          0.00063 |
|         transport.flux_precomp |      2.32779 |       2.74465 |      2.97419 |     0.86404 |      1.06108 |     1.13926 |          8460 |  0.48079 |          0.00032 |
|    transport.flux_precomp_init |      0.45514 |       0.62588 |      0.67228 |     0.43661 |      0.61088 |     0.65208 |          3240 |   0.2768 |          0.00019 |
|         transport.hori_dep_pts |      1.37168 |        1.6573 |      1.85338 |     0.67378 |      0.89503 |     1.07858 |          1080 |  0.40555 |          0.00153 |
|        transport.sl_horizontal |      8.27817 |         8.755 |      9.30456 |     3.33246 |       4.3614 |     4.81663 |          2700 |  1.97619 |          0.00324 |
|          transport.sl_vertical |      5.32549 |       5.63944 |      6.06687 |     1.03387 |       1.5117 |     2.09249 |          2880 |  0.68497 |          0.00196 |
|                 transport.wind |       18.181 |      18.68679 |      19.1438 |     4.61572 |      6.42534 |     7.04826 |           360 |  2.91138 |          0.05191 |
|         transport.wind_precomp |       2.5061 |       2.85644 |      3.86765 |     1.61468 |      2.03939 |     2.19397 |          2160 |  0.92407 |          0.00132 |
|   transport.wind_precomp_final |      6.64132 |       8.80239 |      11.3674 |     6.64132 |      8.80239 |     11.3674 |          2160 |  3.98844 |          0.00408 |
|    transport.wind_precomp_init |      0.57534 |       0.86387 |      1.00896 |      0.5583 |      0.85155 |     0.99534 |           360 |  0.38584 |           0.0024 |
|                    update_lbcs |      0.67614 |       1.21931 |      1.45611 |     0.59351 |      1.13716 |     1.37496 |           180 |  0.51526 |          0.00677 |
|  xios.close_context_definition |      3.40703 |       3.41318 |      3.77868 |     3.40703 |      3.41318 |     3.77868 |             1 |  1.54654 |          3.41318 |
|          xios.context_finalize |      0.48662 |       0.49127 |      0.49365 |     0.48662 |      0.49127 |     0.49365 |             1 |   0.2226 |          0.49127 |
|           xios.update_calendar |      0.70109 |         0.737 |      0.82382 |     0.70109 |        0.737 |     0.82382 |           182 |  0.33394 |          0.00405 |