|                        Routine | Total Min(s) | Total Mean(s) | Total Max(s) | Self Min(s) | Self Mean(s) | Self Max(s) | Max no. calls |   % time | Time per call(s) |
|                  __lfric_atm__ |      816.145 |     816.14871 |      816.152 |     0.00327 |      0.01144 |     0.01576 |             1 |   0.0014 |        816.14871 |
|                      __setup__ |      39.0309 |      39.70632 |      40.1902 |       7e-05 |      0.00203 |     0.00511 |             1 |  0.00025 |         39.70632 |
|                    __vernier__ |      0.30952 |        0.7033 |      0.76966 |     0.30952 |       0.7033 |     0.76966 |        621531 |  0.08617 |              0.0 |
|            aerosol.glomap_clim |       8.7338 |      10.98185 |      11.2965 |     8.73352 |      10.9813 |     11.2959 |           180 |   1.3455 |          0.06101 |
|                 aerosol.radaer |      2.15154 |       2.76126 |      3.02802 |     2.15126 |       2.7608 |     3.02754 |             3 |  0.33827 |          0.92042 |
|           aerosol.stratosphere |      0.01106 |       0.05475 |      0.08636 |     0.01106 |      0.05475 |     0.08636 |           180 |  0.00671 |           0.0003 |
|                    bl.explicit |      15.3242 |      27.14672 |      45.6658 |     10.1594 |     18.31083 |     21.7393 |           360 |  2.24356 |          0.07541 |
|                    bl.implicit |      43.6313 |      72.64191 |      82.4193 |     42.9399 |      69.4481 |     78.6494 |           360 |  8.50925 |          0.20178 |
|                          cloud |      6.31928 |       9.90002 |      14.0724 |     6.29962 |      9.88006 |     14.0522 |           180 |  1.21057 |            0.055 |
|                   cloud.bm_tau |      1.96072 |       4.34414 |      4.58789 |     1.96072 |      4.34414 |     4.58789 |           180 |  0.53227 |          0.02413 |
|                   diags.bl_exp |      0.03302 |       0.05548 |      0.07669 |     0.00468 |      0.00916 |     0.01362 |           360 |  0.00112 |          0.00015 |
|                   diags.bl_imp |      0.07053 |        0.1425 |      0.18958 |     0.05335 |      0.08255 |     0.09927 |           540 |  0.01011 |          0.00026 |
|                   diags.blpert |      0.00527 |       0.00796 |      0.01072 |       5e-05 |        7e-05 |     0.00011 |           360 |    1e-05 |            2e-05 |
|                    diags.casim |      0.03985 |       0.05163 |      0.07193 |     0.01303 |      0.02336 |     0.03121 |           360 |  0.00286 |          0.00014 |
|                    diags.cloud |       0.0573 |       0.08003 |      0.08764 |     0.05033 |      0.07094 |     0.07686 |           360 |  0.00869 |          0.00022 |
|                 diags.dynamics |      0.02923 |       0.04484 |      0.05896 |     0.02769 |      0.04262 |     0.05598 |           180 |  0.00522 |          0.00025 |
|                 diags.electric |      0.00915 |       0.01495 |      0.02193 |     0.00757 |      0.01177 |     0.01622 |           360 |  0.00144 |            4e-05 |
|              diags.glomap_clim |      0.02206 |       0.04167 |      0.06407 |     0.00057 |      0.00143 |     0.00392 |           180 |  0.00018 |          0.00023 |
|               diags.illuminate |      0.00644 |       0.01267 |      0.02904 |       7e-05 |      0.00019 |     0.00045 |           180 |    2e-05 |            7e-05 |
|                diags.jules_exp |      0.02294 |       0.13998 |      0.24731 |      0.0056 |      0.00866 |     0.01085 |           360 |  0.00106 |          0.00039 |
|                diags.jules_imp |       0.0282 |       0.12151 |       0.1631 |     0.00782 |       0.0152 |     0.02426 |           360 |  0.00186 |          0.00034 |
|             diags.jules_seaice |      0.00506 |       0.01003 |      0.02542 |     0.00257 |      0.00488 |     0.01916 |           180 |   0.0006 |            6e-05 |
|               diags.jules_snow |      0.00848 |       0.01332 |      0.02312 |     0.00441 |      0.00677 |     0.00831 |           360 |  0.00083 |            4e-05 |
|               diags.jules_soil |      0.01201 |        0.0172 |       0.0208 |     0.00672 |      0.00926 |     0.01096 |           360 |  0.00113 |            5e-05 |
|        diags.locate_tropopause |       0.0017 |       0.00451 |      0.00508 |       1e-05 |        2e-05 |       2e-05 |           180 |      0.0 |            3e-05 |
|             diags.microphysics |      0.02474 |       0.03298 |      0.04943 |     0.00012 |      0.00025 |     0.00046 |           180 |    3e-05 |          0.00018 |
|                     diags.pmsl |      0.22225 |       0.23831 |      0.28887 |     0.10839 |      0.17235 |     0.20539 |           180 |  0.02112 |          0.00132 |
|             diags.pressure_lev |      0.02214 |       0.03598 |      0.04352 |     0.02139 |      0.03502 |     0.04173 |           180 |  0.00429 |           0.0002 |
|                   diags.radaer |      0.00028 |        0.0005 |      0.00119 |     0.00027 |      0.00049 |     0.00117 |             9 |    6e-05 |            6e-05 |
|                diags.radiation |      0.15029 |       0.29029 |      0.42238 |     0.10733 |      0.15356 |     0.18224 |           360 |  0.01881 |          0.00081 |
|              diags.smagorinsky |      0.00783 |       0.01825 |      0.02369 |     0.00011 |      0.00044 |     0.00073 |           360 |    5e-05 |            5e-05 |
|  dynamics.compute_si_operators |      61.3608 |      62.90491 |      71.2869 |     33.6146 |     53.31386 |      55.427 |           180 |  6.53237 |          0.34947 |
|       dynamics.phys_predictors |      31.3786 |      33.56053 |      35.6724 |     0.83418 |      3.07692 |     3.51741 |           360 |  0.37701 |          0.09322 |
|               dynamics.rhs_alg |      36.2163 |      38.66036 |      44.4137 |     14.7624 |     32.26242 |     34.7142 |           900 |  3.95301 |          0.04296 |
|               dynamics.rhs_lbc |      4.32978 |       5.21129 |      5.49925 |     1.60005 |      4.44529 |     4.84152 |           180 |  0.54467 |          0.02895 |
|                dynamics.solver |      72.9996 |      74.70835 |      77.1217 |     4.61501 |     17.42558 |      19.275 |           720 |   2.1351 |          0.10376 |
|             dynamics.transport |       202.63 |     203.66347 |      207.025 |      11.847 |       18.588 |     19.7705 |           360 |  2.27753 |          0.56573 |
|  dynamics.transport_predictors |      15.9361 |      16.37221 |      16.9801 |     0.20256 |       0.8935 |     0.98839 |           180 |  0.10948 |          0.09096 |
|                       electric |       0.6553 |       0.77751 |      1.04631 |     0.34899 |      0.53206 |     0.76485 |           180 |  0.06519 |          0.00432 |
|                   fast_physics |      107.707 |     108.67333 |        112.8 |       3.086 |      3.68788 |     4.63687 |           360 |  0.45186 |          0.30187 |
|                field.halo_ex_1 |       28.402 |      63.81714 |       283.09 |     17.8887 |     52.98439 |     270.589 |         46335 |    6.492 |          0.00138 |
|                field.halo_ex_2 |      0.90965 |       2.11495 |       8.6899 |      0.7012 |      1.48818 |     7.03795 |          1986 |  0.18234 |          0.00106 |
|                field.halo_ex_6 |      0.59067 |       0.76796 |      1.62264 |     0.17116 |      0.34677 |     1.19687 |           255 |  0.04249 |          0.00301 |
|                field.halo_ex_7 |      3.53018 |       6.11483 |        21.47 |     3.07835 |      5.65061 |     21.0699 |          4849 |  0.69235 |          0.00126 |
|                field.halo_ex_8 |      8.38297 |      14.15382 |      42.5675 |     7.95162 |     13.68954 |     42.2257 |         11894 |  1.67733 |          0.00119 |
|               field.initialise |      0.85059 |       1.91373 |       2.4821 |     0.85059 |      1.91373 |      2.4821 |        379316 |  0.23448 |            1e-05 |
|                     field.read |       26.304 |      26.52764 |      26.8922 |       2e-05 |       0.0001 |     0.00116 |            62 |    1e-05 |          0.42787 |
|                    field.write |      0.25356 |       0.78266 |      1.01625 |     0.10118 |      0.17078 |     0.20551 |         37951 |  0.02092 |            2e-05 |
|                 fs.constructor |      0.03348 |       0.05869 |      0.06602 |     0.03348 |      0.05869 |     0.06602 |            71 |  0.00719 |          0.00083 |
|      gungho_diagnostics_driver |      36.7913 |      38.65762 |      40.0036 |     27.4758 |     36.89189 |     38.4748 |           181 |  4.52024 |          0.21358 |
|         gungho_driver.finalise |      0.30961 |       0.31558 |      0.36333 |     0.06376 |      0.07969 |     0.09997 |             1 |  0.00976 |          0.31558 |
|   gungho_driver.first_timestep |      26.4646 |      26.94801 |      27.6126 |       3e-05 |      0.00019 |     0.00037 |             1 |    2e-05 |         26.94801 |
|       gungho_driver.initialise |      39.0308 |      39.70429 |      40.1865 |     2.15418 |      3.84468 |     4.73127 |             1 |  0.47108 |         39.70429 |
|        gungho_driver.mesh_init |      1.47863 |       1.63775 |      1.67192 |     1.47863 |      1.63775 |     1.67192 |             1 |  0.20067 |          1.63775 |
|         gungho_driver.timestep |      747.721 |     748.18837 |      748.375 |     0.00195 |      0.00499 |     0.00614 |           179 |  0.00061 |          4.17982 |
|                gungho_timestep |      727.287 |     729.20001 |       737.49 |      0.0154 |      0.03659 |     0.04485 |           180 |  0.00448 |          4.05111 |
|          halo_routing_creation |      11.9098 |      12.73329 |      15.3057 |     11.9098 |     12.73329 |     15.3057 |         65319 |  1.56017 |          0.00019 |
|                      init_lbcs |      0.27596 |       0.36476 |      0.81127 |     0.05881 |      0.16057 |     0.44196 |             1 |  0.01967 |          0.36476 |
|                 jules.explicit |      0.75159 |       2.58289 |      8.26507 |     0.74479 |      2.57236 |     8.25301 |           180 |  0.31518 |          0.01435 |
|                    jules.extra |      0.03701 |       0.84294 |      2.98032 |     0.02484 |      0.82602 |     2.96198 |           180 |  0.10121 |          0.00468 |
|                 jules.implicit |      0.55679 |       2.91631 |      7.20053 |     0.54788 |      2.90138 |     7.18563 |           720 |   0.3555 |          0.00405 |
|                jules.radiation |      0.36851 |       0.81179 |      1.29606 |     0.29541 |      0.63186 |     0.83391 |           180 |  0.07742 |          0.00451 |
|                   leonard_term |      2.15186 |       2.80555 |       4.1842 |     0.71061 |      1.45793 |     1.76772 |           180 |  0.17864 |          0.01559 |
|    lfric_xios.finalise_context |      0.22991 |       0.23589 |      0.28607 |       3e-05 |        8e-05 |     0.00033 |             1 |    1e-05 |          0.23589 |
|        lfric_xios.init_context |      0.40915 |       0.55179 |      1.32775 |     0.37949 |      0.52473 |     1.27843 |             1 |  0.06429 |          0.55179 |
|           lfric_xios.read_fldg |      26.3039 |      26.52751 |      26.8921 |     26.2407 |     26.42569 |     26.4572 |            62 |  3.23785 |          0.42786 |
|          lfric_xios.write_fldg |      0.14969 |       0.61156 |       0.8162 |     0.14969 |      0.61156 |      0.8162 |           211 |  0.07493 |           0.0029 |
|              locate_tropopause |      0.06504 |        0.0842 |      0.09712 |     0.06444 |      0.08258 |     0.09559 |           180 |  0.01012 |          0.00047 |
|    mappings.map_physics_fields |      26.9692 |      31.31274 |      39.7182 |      26.737 |      29.4535 |     32.9594 |           181 |  3.60884 |            0.173 |
|              mappings.set_wind |      9.67587 |      10.47569 |      15.9739 |     0.48454 |      1.47689 |     2.03906 |           180 |  0.18096 |           0.0582 |
|         mass_matrix_solver_alg |      44.0522 |      46.51907 |      50.7169 |     15.7566 |     39.43989 |     42.7163 |          1082 |  4.83244 |          0.04299 |
|             microphysics.casim |       23.842 |      31.83836 |      39.0098 |     23.8194 |     31.81725 |     38.9889 |           180 |  3.89846 |          0.17688 |
|    microphysics.casim_activate |      0.03328 |       0.08909 |       0.1211 |     0.03172 |      0.08727 |     0.11877 |           181 |  0.01069 |          0.00049 |
|      mixed_solver.schur_precon |      50.5551 |      52.88237 |       61.349 |      0.0056 |      0.01541 |     0.01974 |           720 |  0.00189 |          0.07345 |
|  pressure_solver.helmholtz_lhs |      25.5299 |      27.56178 |       45.958 |     18.2413 |     23.62785 |     24.1681 |         19440 |  2.89504 |          0.00142 |
|           radiation.illuminate |      0.28141 |       0.43218 |      0.68667 |     0.28141 |      0.43218 |     0.68667 |           180 |  0.05295 |           0.0024 |
|                   radiation.lw |      6.43066 |      10.38883 |      11.9422 |     6.43066 |     10.38883 |     11.9422 |           180 |  1.27291 |          0.05772 |
|                   radiation.sw |      0.02702 |       0.07282 |      0.14021 |     0.02702 |      0.07282 |     0.14021 |           180 |  0.00892 |           0.0004 |
|       runtime_constants.dycore |      4.69838 |       6.24488 |      6.37502 |     4.69837 |      6.24481 |      6.3749 |            13 |  0.76516 |          0.48038 |
|          runtime_constants.fem |      3.65139 |       4.11525 |      4.79305 |     2.54725 |       3.4523 |     3.54769 |            31 |    0.423 |          0.13275 |
|    runtime_constants.geometric |      1.41561 |       1.55175 |       2.0255 |     0.82756 |      1.12808 |     1.16984 |            26 |  0.13822 |          0.05968 |
| runtime_constants.limited_area |      0.05817 |       0.09653 |      0.17624 |      0.0076 |      0.03178 |     0.04162 |            15 |  0.00389 |          0.00644 |
|      runtime_constants.mapping |      0.28052 |       0.37011 |      0.38866 |     0.28052 |      0.37011 |     0.38866 |             1 |  0.04535 |          0.37011 |
|      runtime_constants.physics |      0.72101 |       0.72609 |      0.73006 |     0.00349 |      0.01588 |     0.02138 |             1 |  0.00195 |          0.72609 |
|       runtime_constants.solver |      0.00266 |       0.00641 |      0.01084 |     0.00265 |      0.00639 |     0.01081 |            16 |  0.00078 |           0.0004 |
|    runtime_constants.transport |      0.00651 |       0.00965 |      0.01259 |     0.00649 |      0.00961 |     0.01255 |             4 |  0.00118 |          0.00241 |
|          schur_precon.back_sub |      4.86786 |       7.40323 |      7.90994 |      2.2188 |       6.6641 |     7.21539 |           720 |  0.81653 |          0.01028 |
|   schur_precon.pressure_solver |      37.2269 |       39.1308 |      54.6628 |     8.63857 |     11.52916 |     11.9091 |           720 |  1.41263 |          0.05435 |
|               schur_precon.rhs |      1.70014 |       6.32085 |      7.50093 |     1.68949 |      6.28933 |     7.47538 |           720 |  0.77061 |          0.00878 |
|         semi_implicit_timestep |      727.253 |     729.16253 |      737.474 |     12.1546 |     33.36856 |     35.9893 |           180 |  4.08854 |           4.0509 |
|                   slow_physics |      109.089 |     109.21867 |      110.879 |     2.52097 |      3.06326 |     4.90052 |           180 |  0.37533 |          0.60677 |
|                    smagorinsky |      18.9662 |      24.38561 |      32.3664 |      5.4329 |     14.82803 |     17.2117 |           360 |  1.81683 |          0.06774 |
|            solver.mixed_solver |      54.0174 |      56.14288 |      62.0301 |     0.65912 |       3.2049 |     3.72714 |           720 |  0.39269 |          0.07798 |
|              stoch_phys.blpert |      0.24697 |       6.99194 |      38.5553 |     0.07669 |      0.11874 |     0.17667 |           360 |  0.01455 |          0.01942 |
|      transport.controller_init |       7.9477 |       9.16897 |      17.8554 |     3.91445 |      5.25211 |     15.4623 |           360 |  0.64352 |          0.02547 |
|      transport.ffsl_horizontal |      50.1743 |      52.63696 |       61.957 |     23.7745 |      37.4218 |     43.9208 |          2340 |  4.58517 |          0.02249 |
|        transport.ffsl_vertical |      15.1911 |      24.60144 |      26.9259 |     13.6223 |     22.03989 |     24.2815 |          7200 |  2.70047 |          0.00342 |
|         transport.flux_precomp |      8.67114 |      11.91912 |      13.1123 |     2.81435 |      5.62651 |     5.91546 |          8460 |   0.6894 |          0.00141 |
|    transport.flux_precomp_init |       0.9254 |       3.32028 |      3.47173 |     0.90965 |      3.28697 |     3.43807 |          3244 |  0.40274 |          0.00102 |
|         transport.hori_dep_pts |      5.08092 |       6.23939 |      7.35076 |     2.25521 |      4.68318 |     5.31993 |          1080 |  0.57381 |          0.00578 |
|        transport.sl_horizontal |      30.5171 |      33.44082 |      42.2943 |     12.9587 |     22.75647 |     26.4421 |          2700 |  2.78827 |          0.01239 |
|          transport.sl_vertical |      24.0437 |      25.94807 |      28.9725 |     3.21334 |      7.70103 |      11.393 |          2880 |  0.94358 |          0.00901 |
|                 transport.wind |      72.6313 |      75.52278 |      76.7593 |      15.536 |     26.28886 |      27.847 |           360 |  3.22109 |          0.20979 |
|         transport.wind_precomp |      10.6748 |      11.69026 |      21.3387 |     6.31472 |      9.16031 |     9.95466 |          2160 |  1.12238 |          0.00541 |
|   transport.wind_precomp_final |      6.66138 |        8.8463 |      11.4809 |     6.66138 |       8.8463 |     11.4809 |          2160 |  1.08391 |           0.0041 |
|    transport.wind_precomp_init |      1.11887 |       4.59567 |      4.86065 |     1.10143 |      4.57197 |      4.8358 |           360 |  0.56019 |          0.01277 |
|                    update_lbcs |      2.40468 |        7.9388 |      8.72457 |     2.04893 |      7.62852 |     8.42157 |           180 |   0.9347 |           0.0441 |
|  xios.close_context_definition |      3.41136 |       3.43328 |      3.61752 |     3.41136 |      3.43328 |     3.61752 |             1 |  0.42067 |          3.43328 |
|          xios.context_finalize |      0.22979 |       0.23581 |      0.28597 |     0.22979 |      0.23581 |     0.28597 |             1 |  0.02889 |          0.23581 |
|           xios.update_calendar |      0.77902 |         0.981 |      1.47926 |     0.77902 |        0.981 |     1.47926 |           182 |   0.1202 |          0.00539 |