|                        Routine | Total Min(s) | Total Mean(s) | Total Max(s) | Self Min(s) | Self Mean(s) | Self Max(s) | Max no. calls |   % time | Time per call(s) |
|                  __lfric_atm__ |      855.923 |      855.9642 |       855.97 |     0.00401 |      0.00799 |     0.01431 |             1 |  0.00093 |         855.9642 |
|                      __setup__ |       35.345 |      36.14228 |        36.51 |       7e-05 |      0.00117 |     0.00237 |             1 |  0.00014 |         36.14228 |
|                    __vernier__ |      0.29999 |       0.66434 |      0.73433 |     0.29999 |      0.66434 |     0.73433 |        621531 |  0.07761 |              0.0 |
|            aerosol.glomap_clim |      8.82727 |       11.0861 |      15.5926 |     8.82691 |     11.08546 |     15.5919 |           180 |  1.29508 |          0.06159 |
|                 aerosol.radaer |      2.15444 |       2.74918 |      2.92688 |     2.15392 |      2.74883 |     2.92655 |             3 |  0.32114 |          0.91639 |
|           aerosol.stratosphere |      0.01403 |       0.04911 |      0.08212 |     0.01403 |      0.04911 |     0.08212 |           180 |  0.00574 |          0.00027 |
|                    bl.explicit |      16.7837 |      29.04164 |      44.7939 |     11.7982 |     16.86912 |     20.6764 |           360 |  1.97077 |          0.08067 |
|                    bl.implicit |      59.2861 |       82.3687 |      93.8587 |     58.4551 |     78.80902 |      92.206 |           360 |  9.20704 |           0.2288 |
|                          cloud |      7.96946 |      14.00931 |       20.637 |     7.95219 |     13.99211 |      20.621 |           180 |  1.63466 |          0.07783 |
|                   cloud.bm_tau |      3.59694 |       5.37877 |       5.6767 |     3.59694 |      5.37877 |      5.6767 |           180 |  0.62839 |          0.02988 |
|                   diags.bl_exp |      0.03978 |       0.06615 |      0.09211 |     0.00504 |       0.0088 |     0.01347 |           360 |  0.00103 |          0.00018 |
|                   diags.bl_imp |      0.07509 |       0.15851 |       0.2322 |     0.05443 |      0.07732 |     0.10471 |           540 |  0.00903 |          0.00029 |
|                   diags.blpert |      0.00561 |       0.00869 |      0.01325 |       5e-05 |        7e-05 |     0.00017 |           360 |    1e-05 |            2e-05 |
|                    diags.casim |       0.0473 |       0.06058 |      0.08558 |     0.01434 |      0.02385 |      0.0383 |           360 |  0.00279 |          0.00017 |
|                    diags.cloud |      0.06302 |       0.07836 |      0.08938 |      0.0537 |        0.067 |     0.07495 |           360 |  0.00783 |          0.00022 |
|                 diags.dynamics |      0.03011 |       0.04228 |      0.06055 |     0.02859 |      0.04021 |     0.05732 |           180 |   0.0047 |          0.00023 |
|                 diags.electric |      0.00957 |       0.01311 |      0.01991 |     0.00805 |      0.01003 |     0.01382 |           360 |  0.00117 |            4e-05 |
|              diags.glomap_clim |      0.02513 |       0.04388 |      0.06505 |     0.00063 |       0.0012 |     0.00201 |           180 |  0.00014 |          0.00024 |
|               diags.illuminate |      0.00599 |       0.01207 |      0.02913 |       8e-05 |      0.00018 |     0.00035 |           180 |    2e-05 |            7e-05 |
|                diags.jules_exp |      0.02418 |       0.07859 |      0.15037 |     0.00585 |      0.00766 |     0.00988 |           360 |   0.0009 |          0.00022 |
|                diags.jules_imp |      0.03155 |        0.1206 |      0.15991 |     0.01023 |      0.01486 |     0.02394 |           360 |  0.00174 |          0.00034 |
|             diags.jules_seaice |      0.00519 |       0.00915 |      0.02576 |     0.00269 |      0.00451 |     0.01842 |           180 |  0.00053 |            5e-05 |
|               diags.jules_snow |      0.00959 |       0.01465 |      0.02958 |     0.00502 |      0.00626 |     0.00804 |           360 |  0.00073 |            4e-05 |
|               diags.jules_soil |       0.0127 |       0.01788 |       0.0333 |     0.00731 |      0.00865 |     0.01025 |           360 |  0.00101 |            5e-05 |
|        diags.locate_tropopause |      0.00157 |       0.00441 |      0.00554 |       1e-05 |        2e-05 |       3e-05 |           180 |      0.0 |            2e-05 |
|             diags.microphysics |        0.031 |       0.04209 |      0.06413 |     0.00014 |      0.00027 |     0.00044 |           180 |    3e-05 |          0.00023 |
|                     diags.pmsl |      0.20587 |       0.21487 |      0.26146 |     0.11481 |        0.164 |     0.18553 |           180 |  0.01916 |          0.00119 |
|             diags.pressure_lev |      0.02151 |       0.03119 |      0.04397 |     0.02077 |      0.03028 |     0.04302 |           180 |  0.00354 |          0.00017 |
|                   diags.radaer |      0.00032 |       0.00037 |      0.00115 |      0.0003 |      0.00035 |     0.00113 |             9 |    4e-05 |            4e-05 |
|                diags.radiation |      0.18158 |       0.24898 |      0.33157 |     0.10709 |      0.13875 |     0.16489 |           360 |  0.01621 |          0.00069 |
|              diags.smagorinsky |       0.0063 |       0.01896 |      0.02277 |     0.00011 |      0.00038 |     0.00061 |           360 |    4e-05 |            5e-05 |
|  dynamics.compute_si_operators |      61.7402 |      62.89001 |      70.8013 |     33.8426 |     52.34057 |     54.5563 |           180 |  6.11481 |          0.34939 |
|       dynamics.phys_predictors |      31.8888 |      32.94207 |      34.0831 |     0.90226 |      3.34361 |     3.76742 |           360 |  0.39062 |          0.09151 |
|               dynamics.rhs_alg |      35.9481 |      37.74646 |      42.3852 |      14.734 |     31.90755 |     33.9169 |           900 |  3.72767 |          0.04194 |
|               dynamics.rhs_lbc |      4.24518 |       5.10442 |      5.28982 |     1.61219 |      4.37894 |     4.65629 |           180 |  0.51158 |          0.02836 |
|                dynamics.solver |      72.5807 |       73.6559 |       75.356 |     4.64006 |     17.38591 |     19.7717 |           720 |  2.03115 |           0.1023 |
|             dynamics.transport |      199.516 |     200.61903 |       204.57 |     11.9175 |     18.79692 |     20.1023 |           360 |  2.19599 |          0.55728 |
|  dynamics.transport_predictors |      15.6893 |      16.02301 |      16.5946 |     0.20326 |          0.9 |      1.0462 |           180 |  0.10514 |          0.08902 |
|                       electric |      0.84651 |       0.98242 |      1.20682 |     0.41181 |      0.55698 |     0.79422 |           180 |  0.06507 |          0.00546 |
|                   fast_physics |      119.164 |     119.84293 |      123.621 |     3.02693 |      3.57576 |     4.31913 |           360 |  0.41775 |           0.3329 |
|                field.halo_ex_1 |      33.5002 |       72.8615 |      274.676 |     16.8063 |     55.73594 |     255.955 |         46335 |   6.5115 |          0.00157 |
|                field.halo_ex_2 |        0.962 |        1.9692 |       7.3235 |     0.68921 |      1.32325 |     6.07371 |          1986 |  0.15459 |          0.00099 |
|                field.halo_ex_6 |      0.66984 |       0.81947 |      1.69263 |      0.1743 |      0.31828 |     1.18612 |           255 |  0.03718 |          0.00321 |
|                field.halo_ex_7 |      3.64986 |       5.51346 |      20.8319 |     3.11448 |      4.97599 |      20.343 |          4849 |  0.58133 |          0.00114 |
|                field.halo_ex_8 |      7.79242 |      14.76442 |      41.3666 |     7.33079 |     14.25952 |     40.9641 |         11894 |   1.6659 |          0.00124 |
|               field.initialise |       1.0386 |       1.97512 |      2.67675 |      1.0386 |      1.97512 |     2.67675 |        379316 |  0.23075 |            1e-05 |
|                     field.read |      20.4512 |      20.55518 |      20.9207 |       2e-05 |        6e-05 |     0.00032 |            62 |    1e-05 |          0.33154 |
|                    field.write |      0.37456 |       0.81495 |      0.98604 |     0.10062 |      0.16508 |      0.1966 |         37951 |  0.01929 |            2e-05 |
|                 fs.constructor |       0.0665 |       0.10028 |      0.12046 |      0.0665 |      0.10028 |     0.12046 |            71 |  0.01172 |          0.00141 |
|      gungho_diagnostics_driver |      37.6296 |      38.88786 |      39.6871 |     27.8205 |     37.06422 |     38.3247 |           181 |  4.33011 |          0.21485 |
|         gungho_driver.finalise |      0.47902 |       0.49674 |      0.51072 |     0.05652 |      0.11565 |     0.13336 |             1 |  0.01351 |          0.49674 |
|   gungho_driver.first_timestep |      33.4557 |       33.8262 |      34.6216 |       4e-05 |      0.00029 |     0.00052 |             1 |    3e-05 |          33.8262 |
|       gungho_driver.initialise |      35.3433 |      36.14111 |      36.5083 |     3.39299 |      4.76395 |     5.59326 |             1 |  0.55656 |         36.14111 |
|        gungho_driver.mesh_init |      2.11908 |       2.21957 |      2.24193 |     2.11908 |      2.21957 |     2.24193 |             1 |  0.25931 |          2.21957 |
|         gungho_driver.timestep |      784.311 |     784.39032 |      784.432 |     0.00167 |      0.00433 |     0.00687 |           179 |  0.00051 |          4.38207 |
|                gungho_timestep |      770.224 |     771.70843 |      779.206 |     0.01439 |      0.03661 |     0.04174 |           180 |  0.00428 |          4.28727 |
|          halo_routing_creation |      18.4176 |      19.24759 |      21.3308 |     18.4176 |     19.24759 |     21.3308 |         65319 |  2.24864 |          0.00029 |
|                      init_lbcs |      0.41515 |       0.46228 |      0.87413 |     0.12649 |      0.18332 |     0.44888 |             1 |  0.02142 |          0.46228 |
|                 jules.explicit |      0.89458 |       2.77642 |      7.70363 |     0.88773 |      2.76705 |     7.69266 |           180 |  0.32327 |          0.01542 |
|                    jules.extra |      0.03885 |       0.92342 |      3.13861 |     0.02517 |      0.90749 |     3.12299 |           180 |  0.10602 |          0.00513 |
|                 jules.implicit |       0.6725 |       3.27955 |      7.61478 |       0.663 |      3.26697 |     7.60141 |           720 |  0.38167 |          0.00455 |
|                jules.radiation |      0.52882 |       0.82229 |      1.13351 |      0.4617 |      0.68991 |     0.90465 |           180 |   0.0806 |          0.00457 |
|                   leonard_term |       2.3586 |       2.97516 |      4.51825 |      0.8063 |      1.62767 |     1.96707 |           180 |  0.19016 |          0.01653 |
|    lfric_xios.finalise_context |      0.37583 |       0.38109 |      0.42252 |       8e-05 |        9e-05 |     0.00013 |             1 |    1e-05 |          0.38109 |
|        lfric_xios.init_context |       0.4394 |       0.64377 |      0.97487 |     0.41149 |       0.6163 |     0.93379 |             1 |    0.072 |          0.64377 |
|           lfric_xios.read_fldg |      20.4511 |      20.55509 |      20.9206 |      20.386 |     20.40971 |     20.4415 |            62 |  2.38441 |          0.33153 |
|          lfric_xios.write_fldg |       0.2709 |       0.64959 |      0.81665 |      0.2709 |      0.64959 |     0.81665 |           211 |  0.07589 |          0.00308 |
|              locate_tropopause |      0.06845 |       0.08384 |      0.09458 |     0.06774 |      0.08223 |     0.09261 |           180 |  0.00961 |          0.00047 |
|    mappings.map_physics_fields |      26.1574 |      33.08308 |      40.2006 |     25.8465 |     30.07079 |     36.8754 |           181 |  3.51309 |          0.18278 |
|              mappings.set_wind |      15.6511 |      16.29292 |      18.7565 |     0.60278 |      1.81942 |     2.33346 |           180 |  0.21256 |          0.09052 |
|         mass_matrix_solver_alg |      43.8742 |      45.27178 |      49.9828 |     15.9024 |     39.42053 |     41.9559 |          1082 |  4.60539 |          0.04184 |
|             microphysics.casim |        41.25 |      53.99794 |      64.6364 |     41.2303 |     53.97679 |     64.6142 |           180 |  6.30596 |          0.29999 |
|    microphysics.casim_activate |      0.03531 |       0.08343 |      0.11818 |      0.0339 |      0.08168 |     0.11599 |           181 |  0.00954 |          0.00046 |
|      mixed_solver.schur_precon |      50.2282 |      52.10905 |      60.1997 |     0.00593 |      0.01359 |     0.01721 |           720 |  0.00159 |          0.07237 |
|  pressure_solver.helmholtz_lhs |      25.1163 |      26.84749 |      44.9412 |     18.3401 |     23.38118 |     24.0706 |         19440 |  2.73156 |          0.00138 |
|           radiation.illuminate |      0.34187 |       0.42956 |      0.55156 |     0.34187 |      0.42956 |     0.55156 |           180 |  0.05018 |          0.00239 |
|                   radiation.lw |      7.34707 |      10.86025 |      12.2347 |     7.34707 |     10.86025 |     12.2347 |           180 |  1.26877 |          0.06033 |
|                   radiation.sw |      0.04931 |       0.08556 |      0.14422 |     0.04931 |      0.08556 |     0.14422 |           180 |     0.01 |          0.00048 |
|       runtime_constants.dycore |       4.7157 |       6.13739 |      6.26065 |     4.71569 |      6.13725 |     6.26044 |            13 |    0.717 |          0.47211 |
|          runtime_constants.fem |      3.76189 |       4.15916 |      5.08646 |     2.52476 |      3.35902 |     3.43152 |            31 |  0.39242 |          0.13417 |
|    runtime_constants.geometric |      1.62311 |       1.75491 |      2.04419 |     0.84033 |        1.109 |     1.13877 |            26 |  0.12956 |           0.0675 |
| runtime_constants.limited_area |      0.06706 |        0.1284 |      0.21286 |       0.014 |       0.0394 |     0.05159 |            15 |   0.0046 |          0.00856 |
|      runtime_constants.mapping |      0.28016 |       0.36442 |      0.37781 |     0.28016 |      0.36442 |     0.37781 |             1 |  0.04257 |          0.36442 |
|      runtime_constants.physics |      0.95134 |       0.95498 |      0.96139 |     0.00638 |      0.01394 |     0.02106 |             1 |  0.00163 |          0.95498 |
|       runtime_constants.solver |      0.00513 |        0.0094 |      0.02158 |     0.00512 |      0.00938 |     0.02156 |            16 |   0.0011 |          0.00059 |
|    runtime_constants.transport |      0.00741 |       0.02568 |       0.0687 |     0.00739 |      0.02555 |      0.0684 |             4 |  0.00299 |          0.00642 |
|          schur_precon.back_sub |      4.69629 |       7.17033 |      7.59609 |     2.16375 |       6.4349 |     6.80031 |           720 |  0.75177 |          0.00996 |
|   schur_precon.pressure_solver |      36.7591 |       38.3686 |      53.6672 |     8.69423 |      11.4804 |     11.8782 |           720 |  1.34122 |          0.05329 |
|               schur_precon.rhs |      1.72722 |       6.54594 |      7.11669 |     1.71546 |      6.51265 |     7.09021 |           720 |  0.76085 |          0.00909 |
|         semi_implicit_timestep |      770.189 |     771.67096 |       779.19 |     12.3523 |     33.32094 |     35.3871 |           180 |  3.89279 |          4.28706 |
|                   slow_physics |      140.921 |     141.04102 |      142.693 |      2.4599 |      2.91428 |     4.15126 |           180 |  0.34047 |          0.78356 |
|                    smagorinsky |      19.4397 |      23.82657 |      34.4492 |     5.66526 |     15.89051 |      17.574 |           360 |  1.85644 |          0.06618 |
|            solver.mixed_solver |      53.9594 |      55.42705 |      60.9434 |     0.72121 |      3.25897 |     3.71102 |           720 |  0.38074 |          0.07698 |
|              stoch_phys.blpert |      0.20922 |       9.00034 |      32.3332 |      0.0864 |      0.15106 |     0.23867 |           360 |  0.01765 |            0.025 |
|      transport.controller_init |       7.9624 |       8.98498 |      17.4042 |     4.01219 |      5.13834 |     15.0024 |           360 |   0.6003 |          0.02496 |
|      transport.ffsl_horizontal |      50.0978 |      52.60541 |      61.9178 |     23.7763 |     36.49351 |     48.8754 |          2340 |  4.26344 |          0.02248 |
|        transport.ffsl_vertical |      15.3453 |      24.81123 |      26.6878 |     13.7422 |     22.20983 |     24.0737 |          7200 |  2.59471 |          0.00345 |
|         transport.flux_precomp |      8.61164 |      11.81227 |      12.7126 |      2.8452 |      5.71992 |     6.08858 |          8460 |  0.66824 |           0.0014 |
|    transport.flux_precomp_init |      0.93032 |       3.24672 |      3.43131 |     0.91448 |      3.21443 |     3.40187 |          3244 |  0.37553 |            0.001 |
|         transport.hori_dep_pts |       4.8153 |       6.04087 |      6.99127 |      2.2939 |      4.44341 |     4.96661 |          1080 |  0.51911 |          0.00559 |
|        transport.sl_horizontal |      30.0962 |      32.02074 |      40.2733 |     12.9265 |     22.26872 |       24.38 |          2700 |  2.60159 |          0.01186 |
|          transport.sl_vertical |      25.0145 |      26.01551 |      27.5082 |     3.53783 |      7.71332 |     9.01631 |          2880 |  0.90113 |          0.00903 |
|                 transport.wind |      71.2045 |      74.17898 |      74.7425 |     15.4136 |     25.75563 |     26.7497 |           360 |  3.00896 |          0.20605 |
|         transport.wind_precomp |         10.8 |      11.82841 |      21.2279 |     6.68428 |      9.29143 |     9.76633 |          2160 |  1.08549 |          0.00548 |
|   transport.wind_precomp_final |      6.67458 |       7.63504 |      8.28666 |     6.67458 |      7.63504 |     8.28666 |          2160 |  0.89198 |          0.00353 |
|    transport.wind_precomp_init |      1.12897 |       4.56846 |      4.84215 |     1.11052 |      4.54272 |     4.81522 |           360 |  0.53071 |          0.01269 |
|                    update_lbcs |      2.91177 |       8.32495 |      9.09421 |     2.54195 |      7.99646 |     8.76468 |           180 |   0.9342 |          0.04625 |
|  xios.close_context_definition |      3.97075 |       3.97394 |      3.98254 |     3.97075 |      3.97394 |     3.98254 |             1 |  0.46426 |          3.97394 |
|          xios.context_finalize |      0.37574 |       0.38099 |       0.4224 |     0.37574 |      0.38099 |      0.4224 |             1 |  0.04451 |          0.38099 |
|           xios.update_calendar |      1.06181 |       1.12263 |       1.1886 |     1.06181 |      1.12263 |      1.1886 |           182 |  0.13115 |          0.00617 |