|                        Routine | Total Min(s) | Total Mean(s) | Total Max(s) | Self Min(s) | Self Mean(s) | Self Max(s) | Max no. calls |   % time | Time per call(s) |
|                  __lfric_atm__ |      984.717 |     984.75222 |       984.76 |     0.00409 |      0.00636 |     0.00832 |             1 |  0.00065 |        984.75222 |
|                      __setup__ |      43.4191 |      44.18371 |      44.6663 |       7e-05 |      0.00059 |     0.00107 |             1 |    6e-05 |         44.18371 |
|                    __vernier__ |      0.29981 |       0.60217 |      0.66801 |     0.29981 |      0.60217 |     0.66801 |        623886 |  0.06115 |              0.0 |
|            aerosol.glomap_clim |      8.81971 |      11.10835 |      11.5286 |     8.81931 |     11.10774 |     11.5278 |           180 |  1.12797 |          0.06171 |
|                 aerosol.radaer |      2.22051 |       2.75179 |      2.86934 |     2.22002 |      2.75146 |     2.86902 |             3 |  0.27941 |          0.91726 |
|           aerosol.stratosphere |       0.0167 |       0.04625 |      0.07189 |      0.0167 |      0.04625 |     0.07189 |           180 |   0.0047 |          0.00026 |
|                    bl.explicit |      20.0294 |      38.83478 |      64.7034 |     14.2574 |     17.69416 |     21.4692 |           360 |  1.79681 |          0.10787 |
|                    bl.implicit |      92.2258 |     111.18901 |      128.195 |     85.4542 |    107.63869 |      126.29 |           360 | 10.93053 |          0.30886 |
|                          cloud |      12.9017 |       23.5491 |       33.539 |     12.8842 |     23.53163 |     33.5202 |           180 |   2.3896 |          0.13083 |
|                   cloud.bm_tau |      3.69704 |       5.35085 |      5.59875 |     3.69704 |      5.35085 |     5.59875 |           180 |  0.54337 |          0.02973 |
|                   diags.bl_exp |      0.02882 |       0.05834 |      0.11899 |     0.00502 |      0.00748 |     0.01026 |           360 |  0.00076 |          0.00016 |
|                   diags.bl_imp |      0.23158 |       0.29949 |      0.33907 |     0.05623 |        0.077 |     0.09529 |           540 |  0.00782 |          0.00055 |
|                   diags.blpert |      0.00593 |       0.00815 |       0.0142 |       4e-05 |        9e-05 |     0.00022 |           360 |    1e-05 |            2e-05 |
|                    diags.casim |      0.04482 |       0.06275 |      0.08541 |     0.01479 |      0.02366 |     0.03454 |           360 |   0.0024 |          0.00017 |
|                    diags.cloud |      0.06648 |       0.08271 |      0.09694 |     0.05156 |      0.06484 |     0.07662 |           360 |  0.00658 |          0.00023 |
|                 diags.dynamics |      0.02916 |       0.03788 |      0.06031 |     0.02754 |      0.03587 |     0.05708 |           180 |  0.00364 |          0.00021 |
|                 diags.electric |      0.00971 |       0.01208 |      0.01695 |       0.008 |      0.00935 |     0.01224 |           360 |  0.00095 |            3e-05 |
|              diags.glomap_clim |      0.03054 |       0.04477 |      0.05957 |     0.00069 |      0.00106 |     0.00189 |           180 |  0.00011 |          0.00025 |
|               diags.illuminate |      0.00663 |        0.0087 |      0.01456 |       9e-05 |      0.00015 |     0.00023 |           180 |    2e-05 |            5e-05 |
|                diags.jules_exp |      0.01747 |       0.03404 |      0.05298 |     0.00542 |      0.00669 |     0.00764 |           360 |  0.00068 |            9e-05 |
|                diags.jules_imp |      0.04078 |        0.1171 |      0.16833 |     0.00886 |      0.01244 |     0.02158 |           360 |  0.00126 |          0.00033 |
|             diags.jules_seaice |       0.0051 |        0.0094 |      0.01546 |     0.00254 |      0.00429 |     0.00716 |           180 |  0.00044 |            5e-05 |
|               diags.jules_snow |       0.0107 |       0.02448 |      0.05414 |     0.00489 |      0.00649 |     0.00854 |           360 |  0.00066 |            7e-05 |
|               diags.jules_soil |      0.01387 |        0.0302 |      0.07992 |      0.0077 |      0.00896 |     0.01002 |           360 |  0.00091 |            8e-05 |
|        diags.locate_tropopause |      0.00169 |       0.00401 |      0.00453 |       2e-05 |        2e-05 |       3e-05 |           180 |      0.0 |            2e-05 |
|             diags.microphysics |      0.03414 |       0.04446 |      0.06243 |     0.00015 |      0.00026 |     0.00057 |           180 |    3e-05 |          0.00025 |
|                     diags.pmsl |      0.21208 |       0.21943 |        0.261 |     0.12176 |      0.16563 |     0.18583 |           180 |  0.01682 |          0.00122 |
|             diags.pressure_lev |      0.02174 |       0.02884 |      0.03206 |     0.02084 |      0.02793 |     0.03118 |           180 |  0.00284 |          0.00016 |
|                   diags.radaer |       0.0003 |       0.00036 |      0.00114 |     0.00029 |      0.00034 |     0.00113 |             9 |    3e-05 |            4e-05 |
|                diags.radiation |       0.2001 |        0.2294 |      0.25408 |     0.10705 |      0.12384 |     0.14051 |           360 |  0.01258 |          0.00064 |
|              diags.smagorinsky |      0.00687 |       0.01733 |      0.01959 |     0.00014 |      0.00052 |     0.00081 |           360 |    5e-05 |            5e-05 |
|  dynamics.compute_si_operators |      62.4783 |      63.26378 |      71.0448 |     34.5705 |     53.52156 |      56.028 |           180 |  5.43503 |          0.35147 |
|       dynamics.phys_predictors |      31.8965 |      32.37928 |      33.6269 |     0.99336 |      3.41553 |     3.83701 |           360 |  0.34684 |          0.08994 |
|               dynamics.rhs_alg |      36.2806 |      37.79434 |      42.8879 |     15.0798 |     31.73826 |     33.2713 |           900 |  3.22297 |          0.04199 |
|               dynamics.rhs_lbc |      4.39684 |       5.02932 |      5.20372 |      1.6479 |       4.3161 |     4.57755 |           180 |  0.43829 |          0.02794 |
|                dynamics.solver |      72.4059 |      73.23121 |      74.6843 |     4.88945 |      17.2607 |     18.3486 |           720 |   1.7528 |          0.10171 |
|             dynamics.transport |      204.958 |     206.25753 |      209.834 |        12.0 |     18.81342 |     21.7344 |           360 |  1.91047 |          0.57294 |
|  dynamics.transport_predictors |      15.5692 |      15.73962 |      16.2915 |      0.1966 |      0.86515 |      0.9827 |           180 |  0.08785 |          0.08744 |
|                       electric |      1.09868 |       1.20959 |      1.37527 |     0.44436 |      0.56514 |     0.74243 |           180 |  0.05739 |          0.00672 |
|                   fast_physics |      151.968 |     152.28135 |      155.414 |     3.09897 |      3.60942 |     4.18422 |           360 |  0.36653 |            0.423 |
|                field.halo_ex_1 |      56.1765 |      100.1443 |      297.111 |     23.9709 |     67.94542 |     263.007 |         46354 |  6.89976 |          0.00216 |
|                field.halo_ex_2 |      1.14268 |        1.9233 |      6.90751 |     0.65922 |      1.07146 |     5.41859 |          1986 |   0.1088 |          0.00097 |
|                field.halo_ex_3 |      0.34047 |       0.37532 |      0.66593 |     0.05425 |      0.08608 |     0.36226 |           100 |  0.00874 |          0.00375 |
|                field.halo_ex_4 |      0.61885 |       0.75057 |       1.6127 |     0.23494 |      0.36844 |     1.21726 |           441 |  0.03741 |           0.0017 |
|                field.halo_ex_5 |      0.76268 |       1.06495 |      2.15375 |     0.27947 |      0.58314 |      1.6705 |           640 |  0.05922 |          0.00166 |
|                field.halo_ex_6 |      0.91345 |       1.01417 |       1.7837 |     0.14655 |      0.24782 |     1.01472 |           220 |  0.02517 |          0.00461 |
|                field.halo_ex_7 |      3.88216 |       5.63616 |      20.2719 |     3.09836 |      4.84819 |     19.5187 |          4645 |  0.49233 |          0.00121 |
|                field.halo_ex_8 |      8.06663 |       13.5178 |       38.781 |     7.45338 |     12.87256 |     38.2185 |         11549 |  1.30719 |          0.00117 |
|               field.initialise |      1.06573 |       2.28998 |      2.69479 |     1.06573 |      2.28998 |     2.69479 |        380425 |  0.23254 |            1e-05 |
|                     field.read |      17.6341 |      20.51991 |      21.1423 |       3e-05 |        5e-05 |      0.0004 |            62 |    1e-05 |          0.33097 |
|                    field.write |       0.6417 |       0.96588 |      1.14022 |     0.10429 |      0.14976 |      0.1643 |         37951 |  0.01521 |            3e-05 |
|                 fs.constructor |      0.11449 |       0.17139 |      0.20468 |     0.11449 |      0.17139 |     0.20468 |            73 |   0.0174 |          0.00235 |
|      gungho_diagnostics_driver |      37.5754 |      38.56121 |      39.0842 |     27.9745 |     36.82019 |     37.6183 |           181 |  3.73903 |          0.21305 |
|         gungho_driver.finalise |      0.42671 |       0.43598 |      0.44363 |     0.08307 |      0.11061 |     0.12307 |             1 |  0.01123 |          0.43598 |
|   gungho_driver.first_timestep |      48.7244 |      49.20559 |      49.9693 |       5e-05 |       0.0004 |     0.00055 |             1 |    4e-05 |         49.20559 |
|       gungho_driver.initialise |      43.4182 |      44.18311 |      44.6661 |     5.76434 |      7.36759 |     8.46785 |             1 |  0.74817 |         44.18311 |
|        gungho_driver.mesh_init |      4.17771 |       4.25048 |      4.27882 |     4.17771 |      4.25048 |     4.27882 |             1 |  0.43163 |          4.25048 |
|         gungho_driver.timestep |      889.463 |     889.49604 |      890.063 |     0.00181 |      0.00366 |     0.00453 |           179 |  0.00037 |          4.96925 |
|                gungho_timestep |      891.268 |     892.22463 |      899.567 |     0.01534 |      0.03538 |     0.04272 |           180 |  0.00359 |           4.9568 |
|          halo_routing_creation |       35.084 |      36.34222 |      38.8257 |      35.084 |     36.34222 |     38.8257 |         65935 |  3.69049 |          0.00055 |
|                      init_lbcs |      0.77152 |       0.88991 |      1.23196 |     0.15433 |      0.30089 |     0.48704 |             1 |  0.03056 |          0.88991 |
|                 jules.explicit |      1.04155 |       2.93416 |      6.89008 |     1.03487 |      2.92586 |     6.88133 |           180 |  0.29712 |           0.0163 |
|                    jules.extra |       0.0432 |       1.11072 |      3.39661 |     0.02751 |       1.0937 |      3.3787 |           180 |  0.11106 |          0.00617 |
|                 jules.implicit |      0.83748 |        3.2632 |      6.58947 |     0.82772 |      3.25173 |     6.57823 |           720 |  0.33021 |          0.00453 |
|                jules.radiation |      0.72394 |       0.97759 |      1.31847 |     0.65577 |      0.85308 |     1.11634 |           180 |  0.08663 |          0.00543 |
|                   leonard_term |      2.30098 |        2.9043 |      8.69272 |     0.83123 |      1.83113 |     2.03703 |           180 |  0.18595 |          0.01614 |
|    lfric_xios.finalise_context |       0.3186 |       0.32537 |      0.35907 |       9e-05 |      0.00011 |     0.00013 |             1 |    1e-05 |          0.32537 |
|        lfric_xios.init_context |      0.58243 |        1.3243 |      1.76869 |      0.5478 |      1.28973 |     1.73391 |             1 |  0.13097 |           1.3243 |
|           lfric_xios.read_fldg |       17.634 |      20.51982 |      21.1418 |      17.394 |     20.24607 |     20.3425 |            62 |  2.05596 |          0.33096 |
|          lfric_xios.write_fldg |      0.53726 |       0.81586 |      0.97952 |     0.53726 |      0.81586 |     0.97952 |           211 |  0.08285 |          0.00387 |
|              locate_tropopause |      0.06829 |       0.08332 |      0.09375 |     0.06767 |       0.0817 |     0.09183 |           180 |   0.0083 |          0.00046 |
|    mappings.map_physics_fields |      26.0981 |      36.12634 |      46.6316 |     25.1685 |      30.4804 |     41.3691 |           181 |  3.09524 |          0.19959 |
|              mappings.set_wind |      28.3507 |       29.3981 |      34.3821 |     0.65256 |      1.90683 |     2.34508 |           180 |  0.19364 |          0.16332 |
|         mass_matrix_solver_alg |       43.679 |      44.37506 |      49.1865 |     15.8073 |     39.10429 |     41.2694 |          1082 |  3.97098 |          0.04101 |
|             microphysics.casim |      77.3383 |      100.5899 |      118.789 |     77.3136 |    100.56861 |     118.769 |           180 | 10.21258 |          0.55883 |
|    microphysics.casim_activate |      0.05623 |       0.08327 |      0.11664 |      0.0546 |      0.08163 |     0.11477 |           181 |  0.00829 |          0.00046 |
|      mixed_solver.schur_precon |      50.4155 |      51.93938 |      59.2165 |     0.00626 |      0.01274 |     0.01635 |           720 |  0.00129 |          0.07214 |
|  pressure_solver.helmholtz_lhs |      25.3709 |       26.6614 |      43.8275 |     18.3417 |     23.25636 |     23.8663 |         19440 |  2.36165 |          0.00137 |
|           radiation.illuminate |      0.42853 |       0.48025 |      0.55518 |     0.42853 |      0.48025 |     0.55518 |           180 |  0.04877 |          0.00267 |
|                   radiation.lw |      9.27383 |      12.08701 |      13.4176 |     9.27383 |     12.08701 |     13.4176 |           180 |  1.22742 |          0.06715 |
|                   radiation.sw |      0.09582 |       0.12459 |      0.15777 |     0.09582 |      0.12459 |     0.15777 |           180 |  0.01265 |          0.00069 |
|       runtime_constants.dycore |      4.68854 |       6.09603 |      6.23891 |     4.68854 |      6.09589 |     6.23881 |            13 |  0.61903 |          0.46893 |
|          runtime_constants.fem |      3.87971 |          4.46 |      5.30027 |     2.53513 |      3.33888 |     3.50699 |            31 |  0.33906 |          0.14387 |
|    runtime_constants.geometric |      1.90341 |       2.07518 |      2.34074 |     0.83117 |       1.1022 |      1.1362 |            26 |  0.11193 |          0.07981 |
| runtime_constants.limited_area |      0.25705 |       0.35684 |      0.46574 |     0.02602 |      0.15271 |      0.3337 |            15 |  0.01551 |          0.02379 |
|      runtime_constants.mapping |       0.2865 |       0.36761 |       0.3874 |      0.2865 |      0.36761 |      0.3874 |             1 |  0.03733 |          0.36761 |
|      runtime_constants.physics |      1.62171 |       1.63372 |      1.64021 |      0.0066 |      0.01235 |     0.01939 |             1 |  0.00125 |          1.63372 |
|       runtime_constants.solver |      0.01002 |        0.0151 |      0.04924 |     0.00999 |      0.01507 |     0.04921 |            16 |  0.00153 |          0.00094 |
|    runtime_constants.transport |      0.01006 |       0.01318 |      0.01501 |     0.01003 |      0.01313 |     0.01496 |             4 |  0.00133 |          0.00329 |
|          schur_precon.back_sub |      4.72472 |       7.11084 |      7.41325 |     2.15259 |      6.34796 |      6.5845 |           720 |  0.64462 |          0.00988 |
|   schur_precon.pressure_solver |       36.953 |      38.18557 |      52.5684 |     8.71745 |     11.48413 |     11.7682 |           720 |  1.16619 |          0.05304 |
|               schur_precon.rhs |      1.91342 |       6.62142 |      7.17459 |     1.90283 |      6.58727 |     7.13782 |           720 |  0.66893 |           0.0092 |
|         semi_implicit_timestep |      891.232 |     892.18853 |      899.552 |      12.526 |     33.40286 |     35.5461 |           180 |  3.39201 |           4.9566 |
|                   slow_physics |      211.987 |     212.07322 |      213.684 |     2.45111 |      2.74472 |     3.82012 |           180 |  0.27872 |          1.17818 |
|                    smagorinsky |      18.6978 |      22.46269 |      26.6293 |       5.835 |      16.3605 |     17.3454 |           360 |  1.66138 |           0.0624 |
|            solver.mixed_solver |      53.9867 |      55.19475 |      60.0665 |     0.82849 |      3.19595 |     3.53521 |           720 |  0.32454 |          0.07666 |
|              stoch_phys.blpert |      0.27738 |      13.58558 |      40.0008 |       0.119 |      0.16805 |      0.2124 |           360 |  0.01707 |          0.03774 |
|      transport.controller_init |      7.73467 |       8.65634 |       16.807 |      4.0914 |      5.05604 |     14.5455 |           360 |  0.51343 |          0.02405 |
|      transport.ffsl_horizontal |      49.6822 |       53.2749 |      62.7142 |     25.0658 |       37.893 |     48.1324 |          2419 |  3.84797 |          0.02202 |
|        transport.ffsl_vertical |      15.0923 |      25.48149 |      27.7298 |     13.4165 |     22.90113 |     25.2079 |          7072 |  2.32557 |           0.0036 |
|         transport.flux_precomp |      9.14636 |      11.90428 |      12.9177 |     2.88783 |      5.70529 |     6.03542 |          8477 |  0.57936 |           0.0014 |
|    transport.flux_precomp_init |        0.948 |        3.2615 |      3.44858 |     0.93114 |      3.22254 |     3.41427 |          3201 |  0.32724 |          0.00102 |
|         transport.hori_dep_pts |      5.19359 |       6.13198 |      6.95389 |     2.41289 |      4.43824 |     4.86969 |          1118 |   0.4507 |          0.00548 |
|        transport.sl_horizontal |      33.7062 |       35.6055 |      43.3989 |     13.4802 |     23.42972 |     25.3172 |          2801 |  2.37925 |          0.01271 |
|          transport.sl_vertical |      25.7408 |      26.74548 |      28.0608 |     3.76048 |      7.47419 |     8.52916 |          2828 |  0.75899 |          0.00946 |
|                 transport.wind |      76.8476 |      78.34682 |      80.0549 |     15.5567 |     25.98874 |     27.9167 |           360 |  2.63911 |          0.21763 |
|         transport.wind_precomp |      11.7388 |      12.84592 |      21.9211 |     6.87541 |      9.65415 |     10.3373 |          2160 |  0.98036 |          0.00595 |
|   transport.wind_precomp_final |      6.68928 |       7.55988 |      8.52234 |     6.68928 |      7.55988 |     8.52234 |          2160 |  0.76769 |           0.0035 |
|    transport.wind_precomp_init |      1.14436 |       4.51816 |      4.97986 |     1.12864 |      4.48567 |     4.93612 |           360 |  0.45551 |          0.01255 |
|                    update_lbcs |      3.69858 |       8.65016 |       9.3871 |     3.33449 |      8.30897 |     9.03067 |           180 |  0.84376 |          0.04806 |
|  xios.close_context_definition |      5.63183 |       5.69479 |      8.56317 |     5.63183 |      5.69479 |     8.56317 |             1 |   0.5783 |          5.69479 |
|          xios.context_finalize |      0.31851 |       0.32526 |      0.35896 |     0.31851 |      0.32526 |     0.35896 |             1 |  0.03303 |          0.32526 |
|           xios.update_calendar |      0.84439 |       1.45578 |      1.49807 |     0.84439 |      1.45578 |     1.49807 |           182 |  0.14783 |            0.008 |