|                        Routine | Total Min(s) | Total Mean(s) | Total Max(s) | Self Min(s) | Self Mean(s) | Self Max(s) | Max no. calls |   % time | Time per call(s) |
|                  __lfric_atm__ |      77.2102 |      77.21092 |      77.2116 |      0.0031 |      0.00424 |     0.00547 |             1 |  0.00549 |         77.21092 |
|                      __setup__ |      31.6992 |      31.73927 |      31.7643 |       6e-05 |      0.00049 |     0.00141 |             1 |  0.00063 |         31.73927 |
|                    __vernier__ |      0.10709 |       0.11789 |      0.12857 |     0.10709 |      0.11789 |     0.12857 |        624263 |  0.15268 |              0.0 |
|            aerosol.glomap_clim |      0.27899 |       0.32103 |      0.33998 |     0.27885 |      0.32085 |     0.33982 |           180 |  0.41555 |          0.00178 |
|                 aerosol.radaer |      0.06367 |       0.07865 |      0.10132 |     0.06339 |      0.07834 |       0.101 |             3 |  0.10146 |          0.02622 |
|           aerosol.stratosphere |       0.0012 |       0.00192 |      0.00423 |      0.0012 |      0.00192 |     0.00423 |           180 |  0.00249 |            1e-05 |
|                    bl.explicit |      1.08075 |       1.75431 |       2.7295 |     0.49775 |      0.57524 |     0.64009 |           360 |  0.74503 |          0.00487 |
|                    bl.implicit |      1.89849 |       2.60299 |      3.31261 |     1.47436 |      2.15905 |     2.91292 |           360 |   2.7963 |          0.00723 |
|                          cloud |      0.20474 |       0.55338 |       0.9511 |     0.19605 |      0.54425 |      0.9421 |           180 |  0.70488 |          0.00307 |
|                   cloud.bm_tau |      0.06535 |       0.08395 |      0.09513 |     0.06535 |      0.08395 |     0.09513 |           180 |  0.10873 |          0.00047 |
|                   diags.bl_exp |      0.01493 |       0.01603 |      0.01725 |     0.00386 |      0.00426 |     0.00489 |           360 |  0.00552 |            4e-05 |
|                   diags.bl_imp |      0.06314 |       0.23863 |      0.47838 |     0.04978 |      0.05344 |     0.05745 |           540 |  0.06922 |          0.00044 |
|                   diags.blpert |      0.00293 |       0.00328 |      0.00381 |       4e-05 |        4e-05 |       9e-05 |           360 |    6e-05 |            1e-05 |
|                    diags.casim |      0.01864 |        0.0206 |      0.02337 |     0.00934 |      0.01099 |     0.01245 |           360 |  0.01423 |            6e-05 |
|                    diags.cloud |      0.05249 |       0.08922 |      0.28474 |       0.038 |      0.04087 |     0.04428 |           360 |  0.05293 |          0.00025 |
|                 diags.dynamics |       0.0272 |       0.02911 |      0.03049 |     0.02577 |      0.02761 |     0.02895 |           180 |  0.03576 |          0.00016 |
|                 diags.electric |      0.00815 |       0.00856 |      0.00987 |     0.00706 |      0.00746 |     0.00875 |           360 |  0.00966 |            2e-05 |
|              diags.glomap_clim |      0.01651 |       0.01849 |      0.02034 |     0.00035 |      0.00061 |      0.0022 |           180 |  0.00078 |           0.0001 |
|               diags.illuminate |      0.00319 |       0.00337 |      0.00385 |       6e-05 |        8e-05 |      0.0002 |           180 |   0.0001 |            2e-05 |
|                diags.jules_exp |      0.01365 |       0.16813 |      0.19376 |      0.0053 |      0.00559 |       0.006 |           360 |  0.00724 |          0.00047 |
|                diags.jules_imp |      0.01051 |       0.04565 |      0.21941 |     0.00626 |      0.00683 |     0.00792 |           360 |  0.00884 |          0.00013 |
|             diags.jules_seaice |      0.00285 |       0.00368 |      0.00599 |     0.00042 |      0.00057 |     0.00087 |           180 |  0.00074 |            2e-05 |
|               diags.jules_snow |      0.00672 |        0.0403 |       0.3615 |     0.00315 |      0.00364 |     0.00515 |           360 |  0.00471 |          0.00011 |
|               diags.jules_soil |      0.01022 |       0.04467 |      0.37635 |     0.00543 |       0.0058 |     0.00635 |           360 |  0.00751 |          0.00012 |
|        diags.locate_tropopause |      0.00103 |       0.00121 |      0.00153 |       1e-05 |        2e-05 |       6e-05 |           180 |    2e-05 |            1e-05 |
|             diags.microphysics |      0.01033 |       0.01134 |       0.0134 |       6e-05 |       0.0001 |     0.00016 |           180 |  0.00012 |            6e-05 |
|                     diags.pmsl |      0.05042 |       0.14491 |       0.2182 |     0.01504 |      0.02041 |     0.02322 |           180 |  0.02644 |          0.00081 |
|             diags.pressure_lev |      0.01876 |       0.02212 |      0.02468 |      0.0181 |      0.02133 |     0.02387 |           180 |  0.02763 |          0.00012 |
|                   diags.radaer |      0.00025 |       0.00034 |      0.00111 |     0.00024 |      0.00033 |     0.00109 |             9 |  0.00043 |            4e-05 |
|                diags.radiation |      0.23256 |       0.50829 |      0.77697 |     0.10155 |      0.10577 |     0.11195 |           360 |  0.13699 |          0.00141 |
|              diags.smagorinsky |      0.00369 |       0.00405 |      0.00468 |       6e-05 |        6e-05 |     0.00013 |           360 |    8e-05 |            1e-05 |
|  dynamics.compute_si_operators |      2.80049 |       3.18813 |      3.27414 |     1.23822 |      1.64351 |     1.74426 |           180 |  2.12859 |          0.01771 |
|       dynamics.phys_predictors |      0.44229 |       1.38553 |      2.52855 |     0.03252 |      0.04149 |     0.05528 |           360 |  0.05373 |          0.00385 |
|               dynamics.rhs_alg |      0.86627 |       1.63596 |      3.09577 |     0.55721 |      0.63651 |      0.6787 |           900 |  0.82438 |          0.00182 |
|               dynamics.rhs_lbc |       0.1198 |       0.12921 |      0.13884 |     0.08067 |       0.0931 |     0.10342 |           180 |  0.12059 |          0.00072 |
|                dynamics.solver |      2.04946 |       2.09285 |      2.14786 |     0.23159 |      0.24973 |     0.26156 |           720 |  0.32344 |          0.00291 |
|             dynamics.transport |      16.2715 |      16.51834 |      18.6257 |     0.66369 |      0.69455 |     0.80323 |           360 |  0.89954 |          0.04588 |
|  dynamics.transport_predictors |      0.25358 |       0.26787 |      0.28241 |     0.00795 |      0.01009 |     0.01255 |           180 |  0.01307 |          0.00149 |
|                       electric |      0.09398 |       0.10304 |      0.11764 |     0.01667 |      0.01997 |     0.02654 |           180 |  0.02586 |          0.00057 |
|                   fast_physics |      5.55934 |       6.21145 |      7.31748 |     0.24895 |      0.56182 |     1.12181 |           360 |  0.72764 |          0.01725 |
|                field.halo_ex_1 |      5.98423 |       9.06209 |      11.4761 |     4.67914 |      7.74253 |     10.1142 |         46335 | 10.02776 |           0.0002 |
|                field.halo_ex_2 |      0.21114 |       0.52649 |      2.38177 |     0.17131 |      0.46775 |     2.34325 |          1986 |  0.60581 |          0.00027 |
|                field.halo_ex_6 |      0.24257 |       0.25612 |      0.27854 |     0.08788 |      0.10065 |      0.1206 |           365 |  0.13035 |           0.0007 |
|                field.halo_ex_7 |      1.05716 |       1.24884 |      1.41266 |     0.91613 |      1.11277 |     1.27487 |          5084 |  1.44121 |          0.00025 |
|                field.halo_ex_8 |      2.36616 |       2.84298 |      2.99613 |     2.31117 |      2.78472 |     2.93725 |         11549 |  3.60664 |          0.00025 |
|               field.initialise |      0.22804 |        0.2548 |      0.28031 |     0.22804 |       0.2548 |     0.28031 |        382052 |  0.33001 |              0.0 |
|                     field.read |      24.0621 |      24.10249 |       24.134 |       2e-05 |        6e-05 |     0.00033 |            62 |    7e-05 |          0.38875 |
|                    field.write |      0.44167 |       1.26198 |      2.09809 |     0.08106 |      0.08506 |     0.09235 |         37951 |  0.11017 |            3e-05 |
|                 fs.constructor |      0.00887 |       0.01446 |      0.01775 |     0.00887 |      0.01446 |     0.01775 |            71 |  0.01873 |           0.0002 |
|      gungho_diagnostics_driver |      1.54412 |        1.6345 |      2.08824 |     0.96809 |      1.17117 |     1.65049 |           181 |  1.51684 |          0.00903 |
|         gungho_driver.finalise |      0.42185 |       0.52128 |      0.52304 |     0.01806 |      0.11795 |     0.12276 |             1 |  0.15276 |          0.52128 |
|   gungho_driver.first_timestep |      2.35044 |       2.37546 |      2.41519 |       2e-05 |        4e-05 |     0.00034 |             1 |    5e-05 |          2.37546 |
|       gungho_driver.initialise |      31.6983 |      31.73878 |       31.764 |     1.01557 |      1.05155 |     1.08971 |             1 |  1.36192 |         31.73878 |
|        gungho_driver.mesh_init |      0.48968 |       0.49833 |      0.50417 |     0.48968 |      0.49833 |     0.50417 |             1 |  0.64542 |          0.49833 |
|         gungho_driver.timestep |      41.7156 |      41.72329 |      41.8288 |     0.00131 |      0.00172 |     0.00235 |           179 |  0.00222 |          0.23309 |
|                gungho_timestep |      41.8666 |      42.31516 |      42.4445 |     0.00715 |      0.00834 |     0.00995 |           180 |   0.0108 |          0.23508 |
|          halo_routing_creation |      1.53447 |       1.71635 |      1.89217 |     1.53447 |      1.71635 |     1.89217 |         65319 |  2.22294 |            3e-05 |
|                      init_lbcs |      0.04534 |       0.05967 |      0.07914 |     0.00396 |      0.00973 |     0.02896 |             1 |   0.0126 |          0.05967 |
|                 jules.explicit |       0.1499 |       0.27632 |      0.54882 |     0.14305 |      0.26966 |     0.54212 |           180 |  0.34925 |          0.00154 |
|                    jules.extra |      0.02041 |       0.08612 |      0.22399 |     0.01102 |      0.07617 |     0.21336 |           180 |  0.09866 |          0.00048 |
|                 jules.implicit |      0.23848 |       0.33278 |      0.47882 |     0.23177 |      0.32597 |     0.47165 |           720 |  0.42218 |          0.00046 |
|                jules.radiation |      0.03162 |       0.04683 |      0.06502 |     0.02848 |      0.04323 |     0.06136 |           180 |  0.05599 |          0.00026 |
|                   leonard_term |      0.11754 |       0.30408 |      0.95296 |     0.03571 |      0.04343 |      0.0511 |           180 |  0.05624 |          0.00169 |
|    lfric_xios.finalise_context |      0.39929 |       0.40333 |      0.40459 |       1e-05 |        7e-05 |      0.0001 |             1 |    9e-05 |          0.40333 |
|        lfric_xios.init_context |      0.25305 |       0.26303 |      0.26648 |     0.22582 |      0.23644 |     0.25546 |             1 |  0.30622 |          0.26303 |
|           lfric_xios.read_fldg |      24.0621 |      24.10243 |      24.1339 |     24.0527 |     24.08856 |     24.1073 |            62 | 31.19838 |          0.38875 |
|          lfric_xios.write_fldg |       0.3592 |       1.17685 |      2.01488 |      0.3592 |      1.17685 |     2.01488 |           211 |   1.5242 |          0.00558 |
|              locate_tropopause |      0.00428 |       0.00484 |      0.00613 |     0.00381 |      0.00431 |     0.00559 |           180 |  0.00558 |            3e-05 |
|    mappings.map_physics_fields |      1.25229 |       1.68727 |      2.06843 |     1.09167 |       1.5037 |      1.9599 |           181 |  1.94753 |          0.00932 |
|              mappings.set_wind |      0.24126 |       0.32198 |      0.82356 |     0.01782 |       0.0332 |     0.04651 |           180 |  0.04299 |          0.00179 |
|         mass_matrix_solver_alg |      0.66526 |       1.61538 |      2.75876 |     0.38472 |      0.44194 |     0.48626 |          1082 |  0.57238 |          0.00149 |
|             microphysics.casim |      2.18118 |       2.86973 |      3.66084 |     2.17106 |      2.85971 |       3.651 |           180 |  3.70377 |          0.01594 |
|    microphysics.casim_activate |      0.00382 |       0.00509 |      0.00755 |     0.00259 |      0.00392 |     0.00642 |           181 |  0.00507 |            3e-05 |
|      mixed_solver.schur_precon |      1.72509 |       1.75773 |        1.807 |     0.00118 |      0.00143 |     0.00252 |           720 |  0.00185 |          0.00244 |
|  pressure_solver.helmholtz_lhs |      1.09775 |       1.13557 |      1.20401 |     0.59864 |      0.63508 |     0.71761 |         19440 |  0.82253 |            6e-05 |
|           radiation.illuminate |       0.0165 |       0.01893 |       0.0223 |      0.0165 |      0.01893 |      0.0223 |           180 |  0.02452 |          0.00011 |
|                   radiation.lw |       0.2262 |       0.37408 |       0.4679 |      0.2262 |      0.37408 |      0.4679 |           180 |   0.4845 |          0.00208 |
|                   radiation.sw |      0.00559 |       0.00973 |      0.01345 |     0.00559 |      0.00973 |     0.01345 |           180 |   0.0126 |            5e-05 |
|       runtime_constants.dycore |      0.15024 |       0.21244 |      0.22867 |     0.15024 |      0.21241 |     0.22867 |            13 |   0.2751 |          0.01634 |
|          runtime_constants.fem |      0.16879 |       0.20112 |      0.24494 |     0.08412 |      0.11513 |     0.12652 |            31 |  0.14911 |          0.00649 |
|    runtime_constants.geometric |      0.13207 |       0.31209 |      0.36521 |     0.02895 |      0.04003 |     0.04565 |            26 |  0.05185 |            0.012 |
| runtime_constants.limited_area |      0.01823 |       0.02687 |      0.03137 |      0.0015 |      0.00408 |     0.00788 |            15 |  0.00528 |          0.00179 |
|      runtime_constants.mapping |      0.00911 |       0.01141 |      0.01299 |     0.00911 |      0.01141 |     0.01299 |             1 |  0.01478 |          0.01141 |
|      runtime_constants.physics |      0.20773 |       0.21195 |      0.21492 |     0.00037 |      0.00439 |      0.0075 |             1 |  0.00568 |          0.21195 |
|       runtime_constants.solver |      0.00037 |       0.00061 |      0.00181 |     0.00036 |       0.0006 |      0.0018 |            16 |  0.00078 |            4e-05 |
|    runtime_constants.transport |      0.00044 |       0.00105 |       0.0027 |     0.00042 |      0.00104 |     0.00269 |             4 |  0.00135 |          0.00026 |
|          schur_precon.back_sub |      0.15347 |        0.1756 |      0.20678 |     0.04923 |      0.05735 |     0.06345 |           720 |  0.07428 |          0.00024 |
|   schur_precon.pressure_solver |      1.45717 |       1.49304 |      1.55804 |     0.32979 |      0.34999 |     0.35878 |           720 |   0.4533 |          0.00207 |
|               schur_precon.rhs |      0.07612 |        0.0866 |      0.09433 |     0.07492 |       0.0853 |     0.09303 |           720 |  0.11048 |          0.00012 |
|         semi_implicit_timestep |      41.8582 |      42.30665 |      42.4369 |     0.67067 |      0.70336 |     0.73299 |           180 |  0.91095 |          0.23504 |
|                   slow_physics |      7.68463 |       7.73488 |      7.84199 |     0.28618 |      0.44065 |     1.10874 |           180 |  0.57071 |          0.04297 |
|                    smagorinsky |      0.92009 |       1.77759 |      3.26218 |     0.17504 |      0.20549 |     0.23503 |           360 |  0.26614 |          0.00494 |
|            solver.mixed_solver |      1.77265 |       1.80478 |       1.8531 |      0.0378 |      0.04112 |     0.04624 |           720 |  0.05326 |          0.00251 |
|              stoch_phys.blpert |      0.15024 |       0.71801 |      2.45111 |     0.02867 |      0.03489 |     0.04061 |           360 |  0.04519 |          0.00199 |
|      transport.controller_init |      0.61143 |       0.63961 |      0.68116 |     0.42831 |      0.45957 |     0.55477 |           360 |  0.59521 |          0.00178 |
|      transport.ffsl_horizontal |      2.67526 |       2.83667 |      2.89531 |     0.83795 |      0.86364 |     1.04778 |          2340 |  1.11854 |          0.00121 |
|        transport.ffsl_vertical |      0.52858 |       0.74641 |      0.80473 |     0.44117 |      0.65607 |     0.71051 |          7200 |  0.84971 |           0.0001 |
|         transport.flux_precomp |       0.5348 |       0.63453 |      0.66509 |     0.12987 |      0.13502 |     0.14273 |          8460 |  0.17487 |            8e-05 |
|    transport.flux_precomp_init |      0.06378 |       0.06836 |      0.07187 |     0.05846 |       0.0625 |     0.06626 |          3240 |  0.08095 |            2e-05 |
|         transport.hori_dep_pts |      0.38616 |       0.48807 |      0.51872 |     0.08702 |      0.09378 |      0.1031 |          1080 |  0.12145 |          0.00045 |
|        transport.sl_horizontal |      2.55447 |       2.86899 |      2.98148 |     0.42091 |      0.44379 |     0.45961 |          2700 |  0.57477 |          0.00106 |
|          transport.sl_vertical |      0.79556 |       0.85734 |      0.97975 |     0.12087 |      0.12788 |     0.15075 |          2880 |  0.16562 |           0.0003 |
|                 transport.wind |      3.62418 |       3.73525 |      4.16068 |     0.56895 |      0.65995 |     1.11639 |           360 |  0.85474 |          0.01038 |
|         transport.wind_precomp |      0.54277 |       0.60031 |      0.72105 |     0.23988 |      0.25547 |     0.27055 |          2160 |  0.33087 |          0.00028 |
|   transport.wind_precomp_final |      6.67029 |       6.81593 |      8.90489 |     6.67029 |      6.81593 |     8.90489 |          2160 |  8.82767 |          0.00316 |
|    transport.wind_precomp_init |      0.07104 |        0.0833 |      0.10365 |      0.0663 |       0.0777 |     0.09711 |           360 |  0.10064 |          0.00023 |
|                    update_lbcs |      0.15877 |        0.1936 |      0.20394 |     0.14395 |      0.17761 |     0.18568 |           180 |  0.23004 |          0.00108 |
|  xios.close_context_definition |       5.3833 |       5.38491 |      5.42011 |      5.3833 |      5.38491 |     5.42011 |             1 |  6.97428 |          5.38491 |
|          xios.context_finalize |      0.39922 |       0.40326 |      0.40452 |     0.39922 |      0.40326 |     0.40452 |             1 |  0.52229 |          0.40326 |
|           xios.update_calendar |      0.83726 |       0.84945 |      0.92487 |     0.83726 |      0.84945 |     0.92487 |           182 |  1.10017 |          0.00467 |