|                        Routine | Total Min(s) | Total Mean(s) | Total Max(s) | Self Min(s) | Self Mean(s) | Self Max(s) | Max no. calls |   % time | Time per call(s) |
|                  __lfric_atm__ |      81.2997 |      81.30091 |      81.3022 |     0.00291 |      0.00522 |     0.00787 |             1 |  0.00642 |         81.30091 |
|                      __setup__ |      32.5502 |       32.5939 |      32.6825 |       6e-05 |      0.00127 |     0.00356 |             1 |  0.00156 |          32.5939 |
|                    __vernier__ |      0.10836 |       0.12465 |       0.1397 |     0.10836 |      0.12465 |      0.1397 |        624263 |  0.15331 |              0.0 |
|            aerosol.glomap_clim |      0.28444 |       0.34564 |      0.43415 |     0.28406 |      0.34522 |     0.43374 |           180 |  0.42462 |          0.00192 |
|                 aerosol.radaer |      0.06394 |       0.08157 |       0.1139 |     0.06362 |      0.08119 |     0.11356 |             3 |  0.09986 |          0.02719 |
|           aerosol.stratosphere |      0.00117 |       0.00188 |      0.00406 |     0.00117 |      0.00188 |     0.00406 |           180 |  0.00232 |            1e-05 |
|                    bl.explicit |       0.9652 |       1.36191 |      1.90388 |     0.42798 |      0.51595 |     0.58011 |           360 |  0.63462 |          0.00378 |
|                    bl.implicit |      1.67287 |       2.11235 |       2.5146 |     1.31965 |      1.69835 |     2.15416 |           360 |  2.08897 |          0.00587 |
|                          cloud |      0.15124 |       0.33362 |      0.54985 |      0.1417 |      0.32424 |     0.54098 |           180 |  0.39882 |          0.00185 |
|                   cloud.bm_tau |      0.05235 |        0.0681 |      0.08014 |     0.05235 |       0.0681 |     0.08014 |           180 |  0.08376 |          0.00038 |
|                   diags.bl_exp |      0.01504 |       0.01638 |      0.01847 |     0.00395 |      0.00453 |     0.00548 |           360 |  0.00557 |            5e-05 |
|                   diags.bl_imp |      0.06217 |       0.08749 |      0.29881 |     0.05191 |       0.0565 |     0.06131 |           540 |   0.0695 |          0.00016 |
|                   diags.blpert |      0.00289 |       0.00333 |       0.0039 |       4e-05 |        5e-05 |       9e-05 |           360 |    6e-05 |            1e-05 |
|                    diags.casim |      0.01866 |        0.0215 |      0.02377 |     0.00962 |      0.01156 |     0.01342 |           360 |  0.01422 |            6e-05 |
|                    diags.cloud |      0.04127 |       0.05332 |      0.14784 |     0.03794 |      0.04335 |     0.04686 |           360 |  0.05333 |          0.00015 |
|                 diags.dynamics |      0.02714 |       0.03114 |      0.03352 |     0.02575 |      0.02953 |     0.03194 |           180 |  0.03632 |          0.00017 |
|                 diags.electric |      0.00825 |        0.0094 |      0.01143 |     0.00721 |       0.0082 |     0.01018 |           360 |  0.01009 |            3e-05 |
|              diags.glomap_clim |      0.01635 |       0.01958 |      0.02482 |      0.0004 |      0.00071 |     0.00201 |           180 |  0.00087 |          0.00011 |
|               diags.illuminate |      0.00343 |       0.00367 |      0.00408 |       5e-05 |        7e-05 |     0.00037 |           180 |    9e-05 |            2e-05 |
|                diags.jules_exp |      0.01188 |       0.01359 |       0.0158 |     0.00542 |      0.00609 |     0.00687 |           360 |  0.00749 |            4e-05 |
|                diags.jules_imp |      0.01031 |       0.03355 |      0.28959 |     0.00623 |      0.00715 |     0.00828 |           360 |   0.0088 |            9e-05 |
|             diags.jules_seaice |      0.00279 |       0.00346 |      0.00441 |     0.00042 |      0.00061 |     0.00149 |           180 |  0.00075 |            2e-05 |
|               diags.jules_snow |      0.00678 |        0.1741 |      0.41856 |     0.00323 |      0.00364 |     0.00482 |           360 |  0.00448 |          0.00048 |
|               diags.jules_soil |      0.01082 |       0.05134 |      0.62179 |     0.00551 |      0.00622 |     0.00693 |           360 |  0.00765 |          0.00014 |
|        diags.locate_tropopause |      0.00119 |       0.00136 |      0.00174 |       1e-05 |        2e-05 |       4e-05 |           180 |    2e-05 |            1e-05 |
|             diags.microphysics |      0.01024 |        0.0115 |      0.01298 |       6e-05 |        8e-05 |     0.00015 |           180 |   0.0001 |            6e-05 |
|                     diags.pmsl |      0.07271 |       0.19416 |       0.2571 |     0.01438 |      0.02221 |     0.02751 |           180 |  0.02732 |          0.00108 |
|             diags.pressure_lev |      0.01875 |       0.02291 |      0.02527 |     0.01803 |      0.02209 |     0.02445 |           180 |  0.02717 |          0.00013 |
|                   diags.radaer |      0.00027 |       0.00051 |       0.0016 |     0.00026 |      0.00049 |     0.00158 |             9 |  0.00061 |            6e-05 |
|                diags.radiation |      0.27939 |       0.39013 |       0.5689 |      0.1022 |      0.11753 |      0.1271 |           360 |  0.14456 |          0.00108 |
|              diags.smagorinsky |      0.00375 |       0.00425 |      0.00486 |       6e-05 |        7e-05 |      0.0001 |           360 |    8e-05 |            1e-05 |
|  dynamics.compute_si_operators |      2.76587 |       2.96652 |      3.09088 |     1.26945 |      1.84676 |     1.95195 |           180 |  2.27151 |          0.01648 |
|       dynamics.phys_predictors |      0.43213 |       1.56136 |      4.40808 |     0.03233 |      0.03773 |     0.05297 |           360 |  0.04641 |          0.00434 |
|               dynamics.rhs_alg |      0.86215 |       1.85926 |      5.21159 |     0.56543 |      0.64568 |     0.69793 |           900 |  0.79419 |          0.00207 |
|               dynamics.rhs_lbc |      0.12007 |       0.13278 |      0.14993 |     0.08022 |      0.09252 |     0.10886 |           180 |  0.11379 |          0.00074 |
|                dynamics.solver |      2.03509 |       2.11366 |       2.1554 |     0.21727 |      0.24291 |     0.25765 |           720 |  0.29878 |          0.00294 |
|             dynamics.transport |      18.5436 |      19.53016 |      23.7103 |      0.6679 |      0.72116 |     0.91378 |           360 |  0.88702 |          0.05425 |
|  dynamics.transport_predictors |      0.25115 |        0.2661 |      0.27848 |       0.008 |      0.01049 |     0.01488 |           180 |  0.01291 |          0.00148 |
|                       electric |      0.13368 |        0.1432 |      0.15548 |     0.01596 |      0.02075 |     0.02676 |           180 |  0.02553 |           0.0008 |
|                   fast_physics |      4.68119 |       6.83364 |      8.30727 |     0.39318 |      1.46358 |     3.65673 |           360 |   1.8002 |          0.01898 |
|                field.halo_ex_1 |       6.0263 |       9.40287 |      12.2765 |     4.47705 |      7.87327 |     10.7326 |         46335 |  9.68411 |           0.0002 |
|                field.halo_ex_2 |      0.24382 |       0.62057 |      4.36342 |     0.17304 |       0.4904 |     4.20808 |          1986 |  0.60319 |          0.00031 |
|                field.halo_ex_6 |      0.38015 |       0.40072 |      0.42496 |     0.13309 |      0.15447 |     0.17732 |           365 |     0.19 |           0.0011 |
|                field.halo_ex_7 |      1.52657 |       1.80038 |      1.92845 |     1.29974 |      1.58073 |     1.70917 |          5084 |   1.9443 |          0.00035 |
|                field.halo_ex_8 |      3.42931 |       4.25875 |      4.47979 |     3.35462 |      4.18114 |     4.40211 |         11549 |   5.1428 |          0.00037 |
|               field.initialise |      0.23764 |       0.27691 |      0.30791 |     0.23764 |      0.27691 |     0.30791 |        382052 |   0.3406 |              0.0 |
|                     field.read |      26.2583 |      26.57581 |      26.6063 |       2e-05 |        7e-05 |     0.00062 |            62 |    9e-05 |          0.42864 |
|                    field.write |      0.34689 |       0.64762 |      1.61506 |      0.0806 |      0.09001 |     0.09759 |         37951 |  0.11071 |            2e-05 |
|                 fs.constructor |       0.0068 |       0.01222 |      0.01603 |      0.0068 |      0.01222 |     0.01603 |            71 |  0.01503 |          0.00017 |
|      gungho_diagnostics_driver |      1.49227 |       1.58235 |      1.87144 |     0.90444 |      1.12538 |     1.47318 |           181 |  1.38422 |          0.00874 |
|         gungho_driver.finalise |        0.637 |       0.65113 |      0.65163 |     0.01896 |      0.03324 |     0.03923 |             1 |  0.04089 |          0.65113 |
|   gungho_driver.first_timestep |      2.79436 |       2.88248 |      2.92679 |       2e-05 |        5e-05 |     0.00031 |             1 |    6e-05 |          2.88248 |
|       gungho_driver.initialise |      32.5479 |      32.59263 |      32.6822 |     0.69627 |      0.80197 |     0.88754 |             1 |  0.98642 |         32.59263 |
|        gungho_driver.mesh_init |      0.58845 |       0.60373 |      0.62154 |     0.58845 |      0.60373 |     0.62154 |             1 |  0.74259 |          0.60373 |
|         gungho_driver.timestep |      44.1969 |      44.21124 |      44.2282 |     0.00136 |      0.00167 |     0.00238 |           179 |  0.00205 |          0.24699 |
|                gungho_timestep |      45.1403 |      45.38812 |      45.5165 |     0.00786 |      0.00913 |     0.01149 |           180 |  0.01123 |          0.25216 |
|          halo_routing_creation |      2.02096 |       2.19093 |      2.35498 |     2.02096 |      2.19093 |     2.35498 |         65319 |  2.69484 |            3e-05 |
|                      init_lbcs |      0.05318 |       0.06649 |      0.09307 |     0.00204 |      0.00931 |     0.03221 |             1 |  0.01145 |          0.06649 |
|                 jules.explicit |      0.13909 |       0.27428 |      0.53288 |     0.13232 |      0.26698 |     0.52562 |           180 |  0.32839 |          0.00152 |
|                    jules.extra |      0.02151 |       0.08082 |      0.20373 |     0.01153 |      0.07053 |     0.19318 |           180 |  0.08676 |          0.00045 |
|                 jules.implicit |      0.24613 |       0.31207 |      0.44044 |     0.23957 |      0.30482 |     0.43259 |           720 |  0.37493 |          0.00043 |
|                jules.radiation |      0.02966 |       0.05095 |      0.07034 |     0.02643 |      0.04724 |      0.0666 |           180 |   0.0581 |          0.00028 |
|                   leonard_term |       0.1068 |       0.25491 |       0.6045 |     0.03453 |      0.04174 |     0.04794 |           180 |  0.05134 |          0.00142 |
|    lfric_xios.finalise_context |      0.61192 |       0.61788 |      0.61913 |       1e-05 |        6e-05 |       9e-05 |             1 |    8e-05 |          0.61788 |
|        lfric_xios.init_context |      0.08352 |       0.17243 |      0.26829 |     0.04794 |      0.13531 |     0.23423 |             1 |  0.16644 |          0.17243 |
|           lfric_xios.read_fldg |      26.2583 |      26.57573 |      26.6062 |     26.2385 |     26.55059 |     26.5592 |            62 | 32.65719 |          0.42864 |
|          lfric_xios.write_fldg |        0.257 |       0.55754 |      1.52567 |       0.257 |      0.55754 |     1.52567 |           211 |  0.68578 |          0.00264 |
|              locate_tropopause |      0.00412 |       0.00499 |      0.00656 |      0.0038 |      0.00465 |     0.00622 |           180 |  0.00571 |            3e-05 |
|    mappings.map_physics_fields |      2.76004 |       2.96632 |      3.15435 |     1.23999 |      2.73465 |     3.07997 |           181 |  3.36362 |          0.01639 |
|              mappings.set_wind |      0.14807 |       0.21565 |      0.50038 |     0.01479 |      0.02597 |     0.03902 |           180 |  0.03195 |           0.0012 |
|         mass_matrix_solver_alg |      0.66382 |       1.79412 |      4.64304 |     0.38612 |      0.43414 |     0.47653 |          1082 |  0.53399 |          0.00166 |
|             microphysics.casim |      1.23894 |       1.64287 |      2.07168 |     1.22794 |       1.6321 |     2.06061 |           180 |  2.00748 |          0.00913 |
|    microphysics.casim_activate |      0.00347 |       0.00477 |      0.00859 |     0.00233 |      0.00361 |     0.00744 |           181 |  0.00444 |            3e-05 |
|      mixed_solver.schur_precon |      1.70417 |       1.77735 |      1.82111 |     0.00118 |      0.00146 |      0.0024 |           720 |   0.0018 |          0.00247 |
|  pressure_solver.helmholtz_lhs |      1.09963 |       1.16096 |      1.23084 |     0.58579 |      0.64707 |     0.68435 |         19440 |  0.79589 |            6e-05 |
|           radiation.illuminate |      0.01583 |       0.01914 |       0.0242 |     0.01583 |      0.01914 |      0.0242 |           180 |  0.02354 |          0.00011 |
|                   radiation.lw |      0.23466 |       0.35169 |      0.45102 |     0.23466 |      0.35169 |     0.45102 |           180 |  0.43257 |          0.00195 |
|                   radiation.sw |      0.00444 |        0.0114 |      0.01906 |     0.00444 |       0.0114 |     0.01906 |           180 |  0.01402 |            6e-05 |
|       runtime_constants.dycore |       0.1563 |        0.2358 |       0.2551 |      0.1563 |      0.23579 |      0.2551 |            13 |  0.29003 |          0.01814 |
|          runtime_constants.fem |      0.20714 |       0.29945 |      0.34313 |     0.08828 |      0.12801 |     0.14427 |            31 |  0.15746 |          0.00966 |
|    runtime_constants.geometric |      0.17835 |       0.22188 |      0.30003 |     0.03063 |      0.04214 |     0.04775 |            26 |  0.05183 |          0.00853 |
| runtime_constants.limited_area |      0.02816 |       0.03625 |      0.04344 |      0.0012 |      0.00504 |     0.00941 |            15 |   0.0062 |          0.00242 |
|      runtime_constants.mapping |      0.00919 |       0.01278 |      0.01457 |     0.00919 |      0.01278 |     0.01457 |             1 |  0.01572 |          0.01278 |
|      runtime_constants.physics |      0.25457 |        0.2614 |      0.26512 |     0.00025 |      0.00426 |     0.00813 |             1 |  0.00524 |           0.2614 |
|       runtime_constants.solver |      0.00029 |        0.0005 |      0.00139 |     0.00028 |       0.0005 |     0.00138 |            16 |  0.00061 |            3e-05 |
|    runtime_constants.transport |      0.00031 |       0.00128 |      0.00375 |      0.0003 |      0.00124 |     0.00372 |             4 |  0.00153 |          0.00032 |
|          schur_precon.back_sub |      0.13435 |       0.17287 |      0.19138 |     0.05036 |      0.06202 |     0.06946 |           720 |  0.07628 |          0.00024 |
|   schur_precon.pressure_solver |      1.45296 |        1.5162 |      1.56751 |     0.31519 |      0.34733 |     0.35801 |           720 |  0.42721 |          0.00211 |
|               schur_precon.rhs |       0.0714 |       0.08564 |      0.09475 |     0.07016 |      0.08409 |     0.09325 |           720 |  0.10343 |          0.00012 |
|         semi_implicit_timestep |      45.1319 |       45.3788 |      45.5073 |     0.67331 |      0.71935 |     0.75193 |           180 |  0.88481 |           0.2521 |
|                   slow_physics |      5.76055 |       5.85989 |      6.04162 |     0.38027 |      0.57672 |     0.88465 |           180 |  0.70936 |          0.03255 |
|                    smagorinsky |      0.82692 |       2.30964 |      4.51497 |     0.16421 |      0.19458 |     0.23011 |           360 |  0.23933 |          0.00642 |
|            solver.mixed_solver |      1.75583 |       1.82749 |      1.86897 |     0.03822 |      0.04351 |     0.04862 |           720 |  0.05352 |          0.00254 |
|              stoch_phys.blpert |      0.10406 |       0.59959 |      3.76971 |     0.02784 |      0.03514 |     0.08457 |           360 |  0.04323 |          0.00167 |
|      transport.controller_init |      0.71129 |       0.74631 |      0.81037 |     0.48032 |      0.52479 |     0.67981 |           360 |   0.6455 |          0.00207 |
|      transport.ffsl_horizontal |      3.36576 |       3.66216 |      3.74229 |     0.82846 |      0.87556 |       1.097 |          2340 |  1.07694 |          0.00157 |
|        transport.ffsl_vertical |      0.55575 |       0.68113 |       0.7395 |     0.46087 |      0.58224 |     0.64013 |          7200 |  0.71615 |            9e-05 |
|         transport.flux_precomp |      0.61483 |       0.80309 |      0.85173 |     0.12882 |      0.13903 |     0.14604 |          8460 |  0.17101 |            9e-05 |
|    transport.flux_precomp_init |      0.06593 |       0.07313 |      0.07871 |     0.06011 |      0.06658 |     0.07196 |          3240 |   0.0819 |            2e-05 |
|         transport.hori_dep_pts |      0.46364 |         0.652 |      0.69912 |     0.08417 |      0.09061 |     0.10236 |          1080 |  0.11145 |           0.0006 |
|        transport.sl_horizontal |      3.53351 |       4.12985 |      4.25134 |     0.40347 |      0.45444 |     0.47129 |          2700 |  0.55896 |          0.00153 |
|          transport.sl_vertical |      0.90478 |        0.9719 |      1.27488 |     0.11365 |      0.12472 |     0.15405 |          2880 |   0.1534 |          0.00034 |
|                 transport.wind |      4.66636 |       4.78083 |      5.04245 |     0.58264 |      0.72467 |     0.96782 |           360 |  0.89134 |          0.01328 |
|         transport.wind_precomp |      0.64165 |        0.7084 |      0.99881 |     0.21565 |      0.25448 |      0.2706 |          2160 |  0.31301 |          0.00033 |
|   transport.wind_precomp_final |      6.63656 |       7.44669 |      11.6078 |     6.63656 |      7.44669 |     11.6078 |          2160 |  9.15941 |          0.00345 |
|    transport.wind_precomp_init |       0.0762 |       0.08948 |      0.11402 |     0.07061 |      0.08298 |       0.107 |           360 |  0.10207 |          0.00025 |
|                    update_lbcs |      0.14273 |       0.17133 |         0.18 |     0.12846 |      0.15519 |     0.16392 |           180 |  0.19088 |          0.00095 |
|  xios.close_context_definition |      3.84368 |       3.84674 |      4.15607 |     3.84368 |      3.84674 |     4.15607 |             1 |  4.73148 |          3.84674 |
|          xios.context_finalize |      0.61185 |       0.61781 |      0.61907 |     0.61185 |      0.61781 |     0.61907 |             1 |  0.75991 |          0.61781 |
|           xios.update_calendar |      0.94296 |       0.95819 |      1.09416 |     0.94296 |      0.95819 |     1.09416 |           182 |  1.17857 |          0.00526 |