|                        Routine | Total Min(s) | Total Mean(s) | Total Max(s) | Self Min(s) | Self Mean(s) | Self Max(s) | Max no. calls |   % time | Time per call(s) |
|                  __lfric_atm__ |      108.592 |     108.59294 |      108.594 |     0.00272 |       0.0043 |     0.00536 |             1 |  0.00396 |        108.59294 |
|                      __setup__ |      39.0872 |       39.1273 |      39.1629 |       6e-05 |      0.00045 |     0.00116 |             1 |  0.00042 |          39.1273 |
|                    __vernier__ |      0.12701 |        0.1414 |      0.15319 |     0.12701 |       0.1414 |     0.15319 |        622175 |  0.13021 |              0.0 |
|            aerosol.glomap_clim |      0.58997 |       0.69283 |      0.74261 |     0.58974 |      0.69259 |     0.74236 |           180 |  0.63779 |          0.00385 |
|                 aerosol.radaer |      0.14821 |       0.17609 |      0.19938 |     0.14795 |      0.17577 |     0.19909 |             3 |  0.16186 |           0.0587 |
|           aerosol.stratosphere |      0.00175 |       0.00296 |      0.00478 |     0.00175 |      0.00296 |     0.00478 |           180 |  0.00273 |            2e-05 |
|                    bl.explicit |      1.43709 |       3.32207 |      5.44955 |     0.82385 |      0.98872 |     1.12084 |           360 |  0.91048 |          0.00923 |
|                    bl.implicit |      3.57395 |       5.04718 |      6.85355 |     2.98774 |      4.51063 |     6.37124 |           360 |   4.1537 |          0.01402 |
|                          cloud |      0.44931 |        1.2259 |      2.16605 |     0.43934 |      1.21529 |     2.15367 |           180 |  1.11913 |          0.00681 |
|                   cloud.bm_tau |      0.12026 |       0.16201 |      0.18683 |     0.12026 |      0.16201 |     0.18683 |           180 |  0.14919 |           0.0009 |
|                   diags.bl_exp |      0.01841 |       0.02106 |      0.06331 |     0.00396 |      0.00462 |     0.00631 |           360 |  0.00425 |            6e-05 |
|                   diags.bl_imp |      0.06641 |       0.09476 |      0.17962 |     0.05104 |      0.05657 |     0.06145 |           540 |  0.05209 |          0.00018 |
|                   diags.blpert |       0.0037 |        0.0046 |       0.0056 |       4e-05 |        5e-05 |       8e-05 |           360 |    4e-05 |            1e-05 |
|                    diags.casim |       0.0218 |       0.02479 |      0.02831 |     0.01052 |      0.01261 |     0.01525 |           360 |  0.01161 |            7e-05 |
|                    diags.cloud |      0.12015 |       0.16061 |      0.17693 |      0.0394 |      0.04353 |     0.04784 |           360 |  0.04009 |          0.00045 |
|                 diags.dynamics |       0.0277 |       0.02955 |      0.03233 |      0.0263 |      0.02804 |     0.03063 |           180 |  0.02582 |          0.00016 |
|                 diags.electric |      0.00827 |       0.00882 |      0.01019 |     0.00714 |      0.00764 |     0.00898 |           360 |  0.00704 |            2e-05 |
|              diags.glomap_clim |      0.01688 |       0.02014 |      0.02548 |     0.00038 |      0.00052 |     0.00102 |           180 |  0.00048 |          0.00011 |
|               diags.illuminate |      0.00332 |         0.004 |      0.00545 |       6e-05 |        9e-05 |     0.00037 |           180 |    8e-05 |            2e-05 |
|                diags.jules_exp |      0.07451 |       0.38016 |      0.78545 |     0.00537 |      0.00584 |     0.00661 |           360 |  0.00538 |          0.00106 |
|                diags.jules_imp |      0.01222 |       0.01537 |      0.01978 |     0.00644 |      0.00768 |     0.00945 |           360 |  0.00707 |            4e-05 |
|             diags.jules_seaice |      0.00297 |       0.00402 |      0.00661 |     0.00049 |      0.00069 |     0.00107 |           180 |  0.00063 |            2e-05 |
|               diags.jules_snow |      0.00692 |       0.01383 |      0.08643 |     0.00329 |      0.00365 |     0.00475 |           360 |  0.00336 |            4e-05 |
|               diags.jules_soil |      0.01175 |       0.09357 |      0.19565 |     0.00638 |      0.00698 |     0.00782 |           360 |  0.00643 |          0.00026 |
|        diags.locate_tropopause |      0.00117 |       0.00151 |      0.00184 |       1e-05 |        2e-05 |       4e-05 |           180 |    2e-05 |            1e-05 |
|             diags.microphysics |      0.01248 |       0.01445 |      0.01714 |       7e-05 |      0.00012 |     0.00044 |           180 |  0.00011 |            8e-05 |
|                     diags.pmsl |      0.05714 |       0.07775 |      0.08642 |     0.01808 |      0.02685 |     0.03585 |           180 |  0.02473 |          0.00043 |
|             diags.pressure_lev |      0.02047 |       0.02415 |      0.02612 |     0.01976 |      0.02329 |     0.02525 |           180 |  0.02145 |          0.00013 |
|                   diags.radaer |      0.00026 |       0.00036 |      0.00095 |     0.00025 |      0.00034 |     0.00094 |             9 |  0.00031 |            4e-05 |
|                diags.radiation |      0.26506 |       0.65187 |      1.37353 |     0.10307 |      0.10882 |      0.1175 |           360 |  0.10021 |          0.00181 |
|              diags.smagorinsky |      0.00425 |       0.00469 |      0.00542 |       5e-05 |        6e-05 |     0.00013 |           360 |    6e-05 |            1e-05 |
|  dynamics.compute_si_operators |      4.70447 |       4.80301 |      4.97201 |     2.60567 |      3.39785 |      3.5952 |           180 |  3.12897 |          0.02668 |
|       dynamics.phys_predictors |      0.91853 |       1.96579 |      3.11269 |     0.05948 |      0.08297 |     0.10786 |           360 |   0.0764 |          0.00546 |
|               dynamics.rhs_alg |      1.79281 |       2.80846 |      4.12502 |     1.10877 |      1.43281 |     1.55789 |           900 |  1.31943 |          0.00312 |
|               dynamics.rhs_lbc |       0.2232 |       0.24765 |      0.27053 |     0.13095 |      0.17798 |     0.20468 |           180 |   0.1639 |          0.00138 |
|                dynamics.solver |      4.01649 |        4.0723 |      4.12215 |     0.45487 |      0.60082 |     0.62994 |           720 |  0.55328 |          0.00566 |
|             dynamics.transport |      20.0098 |      20.30112 |      22.4484 |     0.95102 |      1.00407 |      1.0943 |           360 |  0.92462 |          0.05639 |
|  dynamics.transport_predictors |      0.47619 |       0.50195 |      0.55363 |     0.01585 |      0.02001 |     0.02374 |           180 |  0.01842 |          0.00279 |
|                       electric |      0.11408 |       0.12649 |      0.14557 |     0.03113 |       0.0393 |     0.05307 |           180 |  0.03619 |           0.0007 |
|                   fast_physics |      8.61119 |       8.96821 |      10.3522 |     0.28034 |      0.40074 |     0.87759 |           360 |  0.36903 |          0.02491 |
|                field.halo_ex_1 |      6.71753 |      12.12255 |      16.6972 |     4.90557 |     10.25995 |     14.6287 |         46335 |  9.44808 |          0.00026 |
|                field.halo_ex_2 |      0.28703 |       0.61116 |      2.15709 |     0.22501 |      0.53962 |     2.08524 |          1986 |  0.49692 |          0.00031 |
|                field.halo_ex_6 |      0.25487 |        0.2699 |      0.28859 |     0.10284 |      0.11861 |     0.13337 |           466 |  0.10923 |          0.00058 |
|                field.halo_ex_7 |      1.14957 |       1.30051 |      1.38064 |      1.0073 |      1.15961 |     1.24096 |          5284 |  1.06785 |          0.00025 |
|                field.halo_ex_8 |      2.33421 |       2.72732 |      2.89566 |     2.25217 |      2.64372 |     2.81156 |         11248 |  2.43452 |          0.00024 |
|               field.initialise |      0.28476 |       0.34245 |      0.37873 |     0.28476 |      0.34245 |     0.37873 |        379964 |  0.31535 |              0.0 |
|                     field.read |      28.7465 |      28.80206 |      28.8361 |       2e-05 |        5e-05 |      0.0003 |            62 |    5e-05 |          0.46455 |
|                    field.write |      0.77167 |       1.31318 |      2.10501 |     0.08613 |      0.09674 |     0.10661 |         37951 |  0.08908 |            3e-05 |
|                 fs.constructor |      0.01295 |       0.02059 |       0.0238 |     0.01295 |      0.02059 |      0.0238 |            71 |  0.01896 |          0.00029 |
|      gungho_diagnostics_driver |      2.45149 |       2.56761 |      2.66593 |     1.94557 |      2.26299 |     2.41711 |           181 |  2.08392 |          0.01419 |
|         gungho_driver.finalise |      0.49693 |        0.6025 |      0.60328 |     0.01782 |      0.12343 |     0.12766 |             1 |  0.11366 |           0.6025 |
|   gungho_driver.first_timestep |      3.35432 |       3.38946 |      3.43006 |       3e-05 |        6e-05 |     0.00015 |             1 |    5e-05 |          3.38946 |
|       gungho_driver.initialise |      39.0871 |      39.12684 |      39.1624 |      0.9831 |      1.17128 |     1.29021 |             1 |  1.07859 |         39.12684 |
|        gungho_driver.mesh_init |      0.56236 |       0.57449 |       0.5805 |     0.56236 |      0.57449 |      0.5805 |             1 |  0.52903 |          0.57449 |
|         gungho_driver.timestep |      64.7033 |      64.71161 |      64.8183 |     0.00161 |      0.00206 |     0.00268 |           179 |   0.0019 |          0.36152 |
|                gungho_timestep |      65.0714 |      65.19225 |      65.4033 |     0.00883 |       0.0112 |     0.01345 |           180 |  0.01032 |          0.36218 |
|          halo_routing_creation |      2.18954 |       2.29581 |      2.57755 |     2.18954 |      2.29581 |     2.57755 |         65319 |  2.11415 |            4e-05 |
|                      init_lbcs |      0.05278 |       0.07021 |      0.09966 |     0.00729 |      0.01582 |     0.03414 |             1 |  0.01457 |          0.07021 |
|                 jules.explicit |      0.18767 |        0.3986 |      0.85622 |     0.18104 |      0.39166 |     0.84956 |           180 |  0.36066 |          0.00221 |
|                    jules.extra |       0.0241 |       0.14007 |      0.39256 |      0.0136 |      0.12882 |      0.3809 |           180 |  0.11863 |          0.00078 |
|                 jules.implicit |      0.26896 |       0.44481 |      0.74422 |     0.26177 |      0.43687 |      0.7359 |           720 |   0.4023 |          0.00062 |
|                jules.radiation |      0.05523 |       0.07502 |      0.10061 |     0.04985 |      0.06915 |     0.09479 |           180 |  0.06368 |          0.00042 |
|                   leonard_term |      0.22323 |        0.5769 |      1.95241 |     0.06994 |      0.09309 |     0.11086 |           180 |  0.08572 |           0.0032 |
|    lfric_xios.finalise_context |      0.47539 |       0.47906 |      0.47971 |       1e-05 |        8e-05 |       9e-05 |             1 |    7e-05 |          0.47906 |
|        lfric_xios.init_context |       0.0495 |        0.1155 |      0.26571 |     0.03789 |      0.10483 |     0.25366 |             1 |  0.09653 |           0.1155 |
|           lfric_xios.read_fldg |      28.7464 |        28.802 |       28.836 |     28.7255 |      28.7695 |     28.7898 |            62 | 26.49298 |          0.46455 |
|          lfric_xios.write_fldg |      0.67446 |       1.21636 |      2.00979 |     0.67446 |      1.21636 |     2.00979 |           211 |  1.12011 |          0.00576 |
|              locate_tropopause |      0.00654 |       0.00824 |      0.01014 |     0.00602 |      0.00757 |     0.00934 |           180 |  0.00697 |            5e-05 |
|    mappings.map_physics_fields |      1.90492 |       2.85301 |       3.6365 |     1.72691 |      2.52371 |     3.47404 |           181 |  2.32401 |          0.01576 |
|              mappings.set_wind |      0.89328 |       1.07678 |      1.95302 |     0.04033 |      0.08339 |     0.11867 |           180 |  0.07679 |          0.00598 |
|         mass_matrix_solver_alg |      1.33955 |       2.39517 |      3.56422 |     0.80206 |      0.92274 |     1.03156 |          1082 |  0.84972 |          0.00221 |
|             microphysics.casim |      4.66564 |       6.30981 |        7.993 |     4.65436 |      6.29851 |     7.97984 |           180 |  5.80011 |          0.03505 |
|    microphysics.casim_activate |      0.00526 |       0.00741 |      0.01034 |     0.00415 |      0.00626 |     0.00919 |           181 |  0.00576 |            4e-05 |
|      mixed_solver.schur_precon |      3.22789 |       3.29005 |      3.36946 |     0.00151 |        0.002 |     0.00253 |           720 |  0.00184 |          0.00457 |
|  pressure_solver.helmholtz_lhs |      1.96109 |       2.02289 |      2.25484 |     1.24486 |      1.36777 |     1.44661 |         19440 |  1.25954 |           0.0001 |
|           radiation.illuminate |      0.03033 |         0.034 |      0.04261 |     0.03033 |        0.034 |     0.04261 |           180 |  0.03131 |          0.00019 |
|                   radiation.lw |      0.49074 |       0.78741 |      0.88629 |     0.49074 |      0.78741 |     0.88629 |           180 |   0.7251 |          0.00437 |
|                   radiation.sw |      0.00925 |       0.01373 |      0.01758 |     0.00925 |      0.01373 |     0.01758 |           180 |  0.01264 |            8e-05 |
|       runtime_constants.dycore |      0.34781 |       0.43681 |      0.46134 |      0.3478 |      0.43677 |     0.45866 |            13 |  0.40221 |           0.0336 |
|          runtime_constants.fem |       0.2954 |       0.33052 |      0.38658 |     0.18724 |      0.23911 |     0.27451 |            31 |  0.22019 |          0.01066 |
|    runtime_constants.geometric |      0.17833 |       0.21673 |      0.30308 |     0.06243 |      0.07939 |     0.08441 |            26 |   0.0731 |          0.00834 |
| runtime_constants.limited_area |       0.0205 |        0.0282 |      0.03305 |     0.00154 |      0.00454 |     0.00715 |            15 |  0.00418 |          0.00188 |
|      runtime_constants.mapping |      0.02003 |       0.02502 |      0.03052 |     0.02003 |      0.02502 |     0.03052 |             1 |  0.02304 |          0.02502 |
|      runtime_constants.physics |      0.24894 |       0.25277 |      0.25601 |     0.00048 |      0.00458 |     0.00765 |             1 |  0.00422 |          0.25277 |
|       runtime_constants.solver |      0.00052 |       0.00098 |      0.00186 |     0.00052 |      0.00097 |     0.00185 |            16 |  0.00089 |            6e-05 |
|    runtime_constants.transport |       0.0006 |       0.00137 |      0.00279 |     0.00059 |      0.00135 |     0.00277 |             4 |  0.00125 |          0.00034 |
|          schur_precon.back_sub |      0.26012 |       0.30904 |      0.33674 |     0.10695 |      0.14346 |     0.17013 |           720 |  0.13211 |          0.00043 |
|   schur_precon.pressure_solver |      2.68498 |       2.74157 |      2.91197 |     0.64457 |      0.70912 |     0.74239 |           720 |  0.65301 |          0.00381 |
|               schur_precon.rhs |      0.17951 |       0.23577 |      0.25394 |     0.17755 |      0.23336 |     0.25137 |           720 |  0.21489 |          0.00033 |
|         semi_implicit_timestep |        65.06 |      65.18076 |      65.3927 |     1.22218 |      1.48296 |     1.55066 |           180 |  1.36561 |          0.36212 |
|                   slow_physics |         15.6 |      15.62945 |      15.7062 |     0.41549 |      0.77334 |     2.51359 |           180 |  0.71215 |          0.08683 |
|                    smagorinsky |      1.23254 |       2.11988 |      4.28271 |     0.35591 |      0.44724 |      0.5315 |           360 |  0.41185 |          0.00589 |
|            solver.mixed_solver |       3.3517 |       3.40964 |      3.46995 |     0.08541 |       0.1078 |     0.11892 |           720 |  0.09927 |          0.00474 |
|              stoch_phys.blpert |      0.22491 |       1.07773 |      3.01673 |     0.03355 |      0.04238 |     0.05087 |           360 |  0.03903 |          0.00299 |
|      transport.controller_init |       0.6703 |       0.70696 |      0.80466 |     0.40998 |      0.45741 |     0.60775 |           360 |  0.42122 |          0.00196 |
|      transport.ffsl_horizontal |      3.68462 |       3.83466 |      3.94128 |     1.60201 |      1.76126 |     2.08432 |          2340 |  1.62189 |          0.00164 |
|        transport.ffsl_vertical |      1.05817 |       1.12191 |      1.19245 |      0.9019 |      0.95686 |     1.02119 |          7200 |  0.88114 |          0.00016 |
|         transport.flux_precomp |      0.73869 |       0.83941 |      0.88001 |     0.23772 |      0.26156 |     0.27391 |          8460 |  0.24087 |           0.0001 |
|    transport.flux_precomp_init |       0.1087 |       0.13268 |      0.14055 |     0.10239 |      0.12508 |      0.1325 |          3240 |  0.11518 |            4e-05 |
|         transport.hori_dep_pts |      0.46857 |       0.56301 |      0.60253 |     0.17673 |      0.19648 |     0.21407 |          1080 |  0.18094 |          0.00052 |
|        transport.sl_horizontal |       3.2191 |       3.38844 |      3.47405 |     0.85361 |      0.97328 |     1.00878 |          2700 |  0.89627 |          0.00125 |
|          transport.sl_vertical |      1.40809 |       1.47779 |      1.59872 |     0.25889 |      0.27993 |      0.3266 |          2880 |  0.25777 |          0.00051 |
|                 transport.wind |      5.22904 |       5.44661 |      5.53959 |     1.12488 |      1.43469 |     1.54815 |           360 |  1.32116 |          0.01513 |
|         transport.wind_precomp |      0.82619 |       0.89363 |       1.0997 |     0.47679 |      0.54757 |     0.57336 |          2160 |  0.50424 |          0.00041 |
|   transport.wind_precomp_final |      6.68153 |       6.86877 |      8.98199 |     6.68153 |      6.86877 |     8.98199 |          2160 |  6.32525 |          0.00318 |
|    transport.wind_precomp_init |      0.15437 |       0.20712 |       0.2359 |     0.14834 |      0.19953 |     0.22815 |           360 |  0.18374 |          0.00058 |
|                    update_lbcs |      0.32129 |       0.38588 |      0.41012 |      0.2949 |      0.35879 |     0.38249 |           180 |   0.3304 |          0.00214 |
|  xios.close_context_definition |      7.91453 |       7.91745 |       7.9606 |     7.91453 |      7.91745 |      7.9606 |             1 |  7.29094 |          7.91745 |
|          xios.context_finalize |      0.47531 |       0.47898 |      0.47963 |     0.47531 |      0.47898 |     0.47963 |             1 |  0.44108 |          0.47898 |
|           xios.update_calendar |      0.74357 |        0.7592 |      0.80407 |     0.74357 |       0.7592 |     0.80407 |           182 |  0.69913 |          0.00417 |