|                        Routine | Total Min(s) | Total Mean(s) | Total Max(s) | Self Min(s) | Self Mean(s) | Self Max(s) | Max no. calls |   % time | Time per call(s) |
|                  __lfric_atm__ |      133.538 |      133.5409 |      133.543 |     0.00289 |      0.00919 |     0.01378 |             1 |  0.00688 |         133.5409 |
|                      __setup__ |      37.5914 |      37.64909 |      37.7242 |       8e-05 |      0.00297 |     0.00737 |             1 |  0.00223 |         37.64909 |
|                    __vernier__ |       0.1283 |       0.20006 |      0.22351 |      0.1283 |      0.20006 |     0.22351 |        624263 |  0.14981 |              0.0 |
|            aerosol.glomap_clim |      0.99277 |       1.28859 |      1.36719 |     0.99255 |      1.28828 |     1.36687 |           180 |  0.96471 |          0.00716 |
|                 aerosol.radaer |      0.24131 |       0.31511 |      0.35059 |       0.241 |      0.31462 |     0.34962 |             3 |   0.2356 |          0.10504 |
|           aerosol.stratosphere |      0.00169 |       0.00584 |      0.01324 |     0.00169 |      0.00584 |     0.01324 |           180 |  0.00437 |            3e-05 |
|                    bl.explicit |      2.18698 |       3.41073 |      5.60593 |     1.12897 |      1.66066 |     1.98678 |           360 |  1.24356 |          0.00947 |
|                    bl.implicit |      4.78734 |       6.58062 |      7.50428 |     4.40331 |       5.9716 |     6.93325 |           360 |  4.47174 |          0.01828 |
|                          cloud |      0.47088 |        0.8654 |       1.3313 |     0.45816 |       0.8532 |     1.31896 |           180 |  0.63891 |          0.00481 |
|                   cloud.bm_tau |      0.22062 |       0.31641 |      0.37391 |     0.22062 |      0.31641 |     0.37391 |           180 |  0.23694 |          0.00176 |
|                   diags.bl_exp |      0.01765 |       0.02378 |       0.0295 |     0.00396 |      0.00609 |     0.01033 |           360 |  0.00456 |            7e-05 |
|                   diags.bl_imp |      0.08134 |       0.11153 |      0.17043 |     0.05099 |      0.06686 |     0.07714 |           540 |  0.05007 |          0.00021 |
|                   diags.blpert |      0.00375 |       0.00518 |      0.00646 |       4e-05 |        5e-05 |      0.0001 |           360 |    4e-05 |            1e-05 |
|                    diags.casim |      0.01911 |       0.02932 |      0.03644 |     0.00988 |      0.01575 |     0.01868 |           360 |   0.0118 |            8e-05 |
|                    diags.cloud |       0.0998 |       0.13686 |       0.1753 |     0.03991 |      0.05289 |      0.0594 |           360 |  0.03961 |          0.00038 |
|                 diags.dynamics |      0.02751 |       0.03507 |      0.04053 |     0.02612 |      0.03328 |     0.03877 |           180 |  0.02492 |          0.00019 |
|                 diags.electric |       0.0084 |       0.01208 |      0.01599 |     0.00724 |      0.01048 |     0.01428 |           360 |  0.00785 |            3e-05 |
|              diags.glomap_clim |      0.01633 |       0.02461 |      0.03551 |     0.00035 |        0.001 |     0.00322 |           180 |  0.00075 |          0.00014 |
|               diags.illuminate |      0.00344 |       0.00508 |      0.00685 |       5e-05 |        8e-05 |     0.00016 |           180 |    6e-05 |            3e-05 |
|                diags.jules_exp |      0.01686 |       0.30342 |      0.39163 |     0.00544 |      0.00748 |     0.00903 |           360 |   0.0056 |          0.00084 |
|                diags.jules_imp |      0.01272 |       0.01806 |      0.04649 |     0.00658 |       0.0092 |     0.01221 |           360 |  0.00689 |            5e-05 |
|             diags.jules_seaice |        0.003 |       0.00478 |      0.00887 |     0.00047 |      0.00095 |     0.00197 |           180 |  0.00071 |            3e-05 |
|               diags.jules_snow |      0.00702 |       0.01041 |       0.0666 |     0.00335 |       0.0043 |     0.00515 |           360 |  0.00322 |            3e-05 |
|               diags.jules_soil |      0.01402 |       0.05596 |      0.16046 |     0.00652 |      0.00855 |     0.01007 |           360 |   0.0064 |          0.00016 |
|        diags.locate_tropopause |      0.00124 |       0.00207 |      0.00327 |       1e-05 |        2e-05 |       7e-05 |           180 |    1e-05 |            1e-05 |
|             diags.microphysics |      0.01093 |       0.01589 |      0.02245 |       7e-05 |      0.00011 |     0.00019 |           180 |    8e-05 |            9e-05 |
|                     diags.pmsl |      0.08276 |       0.10301 |      0.11814 |     0.02056 |      0.04351 |     0.05751 |           180 |  0.03258 |          0.00057 |
|             diags.pressure_lev |      0.01957 |       0.02638 |      0.03381 |     0.01889 |      0.02548 |      0.0329 |           180 |  0.01908 |          0.00015 |
|                   diags.radaer |      0.00027 |       0.00079 |      0.00276 |     0.00026 |      0.00077 |     0.00275 |             9 |  0.00058 |            9e-05 |
|                diags.radiation |       0.2575 |       0.45777 |      0.61449 |     0.10409 |      0.14232 |     0.15665 |           360 |  0.10658 |          0.00127 |
|              diags.smagorinsky |       0.0046 |       0.00738 |      0.00932 |       5e-05 |        8e-05 |     0.00019 |           360 |    6e-05 |            2e-05 |
|  dynamics.compute_si_operators |      8.41833 |       9.75043 |      10.2198 |     3.93618 |      6.49245 |     6.93028 |           180 |  4.86177 |          0.05417 |
|       dynamics.phys_predictors |      1.33642 |       2.58183 |       4.3254 |     0.09564 |      0.12868 |     0.16481 |           360 |  0.09636 |          0.00717 |
|               dynamics.rhs_alg |        3.206 |       4.53976 |      6.60259 |     1.45798 |      2.68467 |     3.04008 |           900 |  2.01037 |          0.00504 |
|               dynamics.rhs_lbc |      0.40409 |       0.46623 |      0.53661 |      0.1637 |      0.35244 |     0.41457 |           180 |  0.26392 |          0.00259 |
|                dynamics.solver |      7.06411 |       7.25291 |      7.38411 |     0.53272 |      1.14459 |      1.3417 |           720 |  0.85711 |          0.01007 |
|             dynamics.transport |      28.3326 |      30.60544 |      33.7078 |     1.40878 |      1.58608 |     1.74491 |           360 |  1.18771 |          0.08502 |
|  dynamics.transport_predictors |      0.73612 |       0.82028 |      0.94337 |     0.01816 |      0.04117 |     0.05508 |           180 |  0.03083 |          0.00456 |
|                       electric |      0.22553 |        0.2532 |      0.30744 |     0.04172 |      0.06423 |     0.09799 |           180 |   0.0481 |          0.00141 |
|                   fast_physics |      10.4763 |      11.34131 |      12.6954 |     0.49898 |      0.85218 |     1.82435 |           360 |  0.63814 |           0.0315 |
|                field.halo_ex_1 |      9.70703 |      13.84586 |      30.9179 |     7.22676 |     11.34461 |     27.9565 |         46335 |  8.49523 |           0.0003 |
|                field.halo_ex_2 |      0.37197 |       0.88361 |      3.90973 |     0.25473 |      0.73614 |     3.79239 |          1986 |  0.55125 |          0.00044 |
|                field.halo_ex_6 |      0.39428 |       0.41642 |      0.47004 |     0.09522 |      0.12402 |     0.17575 |           365 |  0.09287 |          0.00114 |
|                field.halo_ex_7 |      1.44951 |        1.6966 |      2.27882 |     1.14807 |      1.39797 |     1.98864 |          5084 |  1.04685 |          0.00033 |
|                field.halo_ex_8 |      2.90569 |       3.40113 |      4.20073 |       2.746 |      3.24873 |      4.0618 |         11549 |  2.43276 |          0.00029 |
|               field.initialise |      0.30004 |       0.46444 |       0.5792 |     0.30004 |      0.46444 |      0.5792 |        382052 |  0.34779 |              0.0 |
|                     field.read |      26.8919 |       26.9318 |      26.9819 |       2e-05 |        9e-05 |     0.00241 |            62 |    7e-05 |          0.43438 |
|                    field.write |      0.49978 |       1.10822 |      1.46192 |     0.08682 |      0.12141 |     0.13941 |         37951 |  0.09092 |            3e-05 |
|                 fs.constructor |      0.00857 |       0.01834 |      0.02574 |     0.00857 |      0.01834 |     0.02574 |            71 |  0.01373 |          0.00026 |
|      gungho_diagnostics_driver |      4.38476 |       4.76439 |      6.38876 |     3.09405 |      4.21733 |     5.90471 |           181 |  3.15808 |          0.02632 |
|         gungho_driver.finalise |      0.41189 |       0.57028 |      0.57293 |     0.02249 |      0.18128 |      0.1868 |             1 |  0.13575 |          0.57028 |
|   gungho_driver.first_timestep |      5.03187 |       5.10914 |      5.16457 |       2e-05 |        8e-05 |     0.00037 |             1 |    6e-05 |          5.10914 |
|       gungho_driver.initialise |      37.5893 |      37.64611 |       37.724 |      0.8524 |      1.22826 |     1.38155 |             1 |  0.91977 |         37.64611 |
|        gungho_driver.mesh_init |      0.87812 |       0.92866 |      0.95405 |     0.87812 |      0.92866 |     0.95405 |             1 |  0.69541 |          0.92866 |
|         gungho_driver.timestep |      89.3154 |      89.37925 |      89.5494 |     0.00153 |      0.00248 |     0.00357 |           179 |  0.00186 |          0.49933 |
|                gungho_timestep |      87.8565 |      89.29511 |      89.9395 |     0.00868 |      0.01577 |     0.02367 |           180 |  0.01181 |          0.49608 |
|          halo_routing_creation |      3.18493 |       3.37094 |      3.95264 |     3.18493 |      3.37094 |     3.95264 |         65319 |  2.52428 |            5e-05 |
|                      init_lbcs |      0.07585 |       0.10958 |      0.18537 |     0.00608 |      0.02729 |     0.10432 |             1 |  0.02044 |          0.10958 |
|                 jules.explicit |      0.16351 |       0.39463 |      0.92178 |     0.15695 |      0.38556 |     0.91215 |           180 |  0.28872 |          0.00219 |
|                    jules.extra |      0.02355 |       0.15969 |      0.45322 |     0.01283 |       0.1462 |     0.43844 |           180 |  0.10948 |          0.00089 |
|                 jules.implicit |      0.24779 |       0.49558 |      0.82584 |     0.24068 |      0.48599 |     0.81611 |           720 |  0.36392 |          0.00069 |
|                jules.radiation |      0.06417 |       0.11724 |      0.16903 |     0.05383 |      0.10639 |     0.15513 |           180 |  0.07967 |          0.00065 |
|                   leonard_term |      0.27507 |        0.5627 |      1.59583 |      0.0852 |      0.13861 |      0.1661 |           180 |   0.1038 |          0.00313 |
|    lfric_xios.finalise_context |      0.38481 |       0.38899 |      0.39149 |       3e-05 |        8e-05 |     0.00012 |             1 |    6e-05 |          0.38899 |
|        lfric_xios.init_context |      0.25079 |        0.3059 |      0.62225 |     0.22263 |      0.28386 |     0.59028 |             1 |  0.21256 |           0.3059 |
|           lfric_xios.read_fldg |      26.8919 |      26.93169 |      26.9818 |     26.8711 |     26.89944 |      26.913 |            62 | 20.14322 |          0.43438 |
|          lfric_xios.write_fldg |      0.37212 |       0.98671 |      1.34547 |     0.37212 |      0.98671 |     1.34547 |           211 |  0.73888 |          0.00468 |
|              locate_tropopause |      0.00967 |       0.01419 |      0.01822 |     0.00918 |      0.01337 |     0.01712 |           180 |  0.01001 |            8e-05 |
|    mappings.map_physics_fields |       3.5626 |       4.03455 |      4.53384 |      3.3531 |      3.82665 |     4.36165 |           181 |  2.86552 |          0.02229 |
|              mappings.set_wind |      0.41266 |       0.56943 |      1.22894 |     0.04448 |      0.08802 |     0.13209 |           180 |  0.06591 |          0.00316 |
|         mass_matrix_solver_alg |      2.03557 |       3.29264 |      5.05859 |     1.16081 |      1.66971 |     1.90551 |          1082 |  1.25033 |          0.00304 |
|             microphysics.casim |      2.51846 |       3.63578 |      4.69509 |     2.50545 |      3.62118 |     4.67991 |           180 |  2.71167 |           0.0202 |
|    microphysics.casim_activate |      0.00608 |       0.01145 |      0.01876 |     0.00489 |         0.01 |     0.01708 |           181 |  0.00749 |            6e-05 |
|      mixed_solver.schur_precon |      5.51586 |       5.77661 |      6.12123 |     0.00141 |      0.00303 |     0.00443 |           720 |  0.00227 |          0.00802 |
|  pressure_solver.helmholtz_lhs |      3.15829 |       3.38571 |      4.43184 |     2.06794 |      2.51872 |     2.62591 |         19440 |  1.88611 |          0.00017 |
|           radiation.illuminate |      0.03612 |       0.05407 |        0.083 |     0.03612 |      0.05407 |       0.083 |           180 |  0.04049 |           0.0003 |
|                   radiation.lw |      0.70571 |       1.16791 |      1.33896 |     0.70571 |      1.16791 |     1.33896 |           180 |  0.87457 |          0.00649 |
|                   radiation.sw |      0.00638 |       0.01915 |      0.03022 |     0.00638 |      0.01915 |     0.03022 |           180 |  0.01434 |          0.00011 |
|       runtime_constants.dycore |      0.60678 |       0.82619 |      0.86085 |     0.60678 |      0.82618 |     0.86085 |            13 |  0.61867 |          0.06355 |
|          runtime_constants.fem |      0.61656 |       0.70038 |      0.76883 |     0.31163 |      0.46837 |     0.49361 |            31 |  0.35073 |          0.02259 |
|    runtime_constants.geometric |      0.35682 |       0.43177 |      0.62937 |     0.09989 |      0.15258 |     0.16638 |            26 |  0.11426 |          0.01661 |
| runtime_constants.limited_area |      0.03541 |       0.04931 |       0.0602 |      0.0011 |      0.00958 |      0.0197 |            15 |  0.00717 |          0.00329 |
|      runtime_constants.mapping |      0.03348 |       0.04808 |      0.07411 |     0.03348 |      0.04808 |     0.07411 |             1 |    0.036 |          0.04808 |
|      runtime_constants.physics |      0.48114 |       0.48817 |       0.4964 |     0.00041 |      0.00658 |     0.01442 |             1 |  0.00493 |          0.48817 |
|       runtime_constants.solver |      0.00048 |        0.0008 |      0.00168 |     0.00047 |      0.00079 |     0.00167 |            16 |  0.00059 |            5e-05 |
|    runtime_constants.transport |      0.00085 |       0.00238 |      0.00744 |     0.00084 |      0.00236 |     0.00742 |             4 |  0.00177 |          0.00059 |
|          schur_precon.back_sub |       0.4802 |        0.6449 |      0.72341 |     0.17238 |      0.43376 |     0.50532 |           720 |  0.32481 |           0.0009 |
|   schur_precon.pressure_solver |      4.40441 |       4.65053 |      5.45369 |     1.00813 |      1.25337 |     1.28251 |           720 |  0.93857 |          0.00646 |
|               schur_precon.rhs |      0.18218 |       0.47419 |      0.52648 |     0.17988 |      0.46894 |     0.52099 |           720 |  0.35115 |          0.00066 |
|         semi_implicit_timestep |      87.8449 |      89.27885 |      89.9292 |     1.56131 |      2.69341 |     2.87321 |           180 |  2.01692 |          0.49599 |
|                   slow_physics |      13.7916 |       13.9179 |      14.2391 |     0.69566 |      0.96021 |     1.98203 |           180 |  0.71904 |          0.07732 |
|                    smagorinsky |       1.9826 |       2.71319 |      4.30553 |     0.41163 |      0.73078 |     0.82651 |           360 |  0.54723 |          0.00754 |
|            solver.mixed_solver |      5.72357 |       5.97694 |      6.21145 |     0.08191 |       0.1825 |     0.22041 |           720 |  0.13666 |           0.0083 |
|              stoch_phys.blpert |      0.21197 |       0.83633 |      2.96396 |     0.03363 |      0.04631 |     0.05918 |           360 |  0.03468 |          0.00232 |
|      transport.controller_init |      1.16945 |       1.25697 |      1.66977 |     0.69715 |      0.80469 |     1.31725 |           360 |  0.60258 |          0.00349 |
|      transport.ffsl_horizontal |      5.56122 |       5.79601 |      5.97964 |     2.55652 |      3.18933 |     3.75204 |          2340 |  2.38828 |          0.00248 |
|        transport.ffsl_vertical |      1.80606 |       2.05813 |      2.20912 |     1.53905 |      1.77317 |     1.91633 |          7200 |  1.32781 |          0.00029 |
|         transport.flux_precomp |      1.18017 |       1.34919 |      1.39828 |     0.34996 |       0.4715 |     0.49598 |          8460 |  0.35307 |          0.00016 |
|    transport.flux_precomp_init |      0.13101 |       0.26084 |      0.28014 |     0.12501 |      0.25106 |     0.26807 |          3240 |  0.18801 |            8e-05 |
|         transport.hori_dep_pts |      0.71571 |         0.859 |      0.91078 |     0.24157 |       0.3615 |     0.40609 |          1080 |  0.27071 |           0.0008 |
|        transport.sl_horizontal |      4.70817 |       5.04992 |      5.26092 |     1.38432 |      1.81227 |     1.93902 |          2700 |  1.35709 |          0.00187 |
|          transport.sl_vertical |      2.43618 |       2.58806 |      2.88618 |     0.33563 |      0.52509 |     0.62708 |          2880 |  0.39321 |           0.0009 |
|                 transport.wind |      8.90833 |       9.31856 |      9.51289 |     1.80001 |       2.8711 |     3.11049 |           360 |  2.14998 |          0.02588 |
|         transport.wind_precomp |       1.2898 |       1.45645 |      2.29558 |     0.70251 |      0.93427 |     0.99502 |          2160 |  0.69961 |          0.00067 |
|   transport.wind_precomp_final |      6.63888 |       8.76968 |      11.8819 |     6.63888 |      8.76968 |     11.8819 |          2160 |  6.56704 |          0.00406 |
|    transport.wind_precomp_init |      0.15243 |       0.42239 |      0.46722 |     0.14691 |      0.41306 |     0.45667 |           360 |  0.30931 |          0.00117 |
|                    update_lbcs |      0.29228 |       0.48976 |      0.54914 |     0.25211 |      0.44748 |     0.50652 |           180 |  0.33509 |          0.00272 |
|  xios.close_context_definition |      7.16369 |       7.16853 |      7.19068 |     7.16369 |      7.16853 |     7.19068 |             1 |  5.36804 |          7.16853 |
|          xios.context_finalize |      0.38474 |       0.38891 |      0.39143 |     0.38474 |      0.38891 |     0.39143 |             1 |  0.29123 |          0.38891 |
|           xios.update_calendar |      0.80061 |       0.82437 |      0.88528 |     0.80061 |      0.82437 |     0.88528 |           182 |  0.61732 |          0.00453 |