|                        Routine | Total Min(s) | Total Mean(s) | Total Max(s) | Self Min(s) | Self Mean(s) | Self Max(s) | Max no. calls |   % time | Time per call(s) |
|                  __lfric_atm__ |      161.637 |     161.63794 |      161.639 |     0.00306 |      0.00447 |     0.00559 |             1 |  0.00276 |        161.63794 |
|                      __setup__ |      39.7693 |      39.83609 |      39.8879 |       6e-05 |      0.00047 |     0.00119 |             1 |  0.00029 |         39.83609 |
|                    __vernier__ |      0.13222 |       0.17354 |      0.18938 |     0.13222 |      0.17354 |     0.18938 |        622263 |  0.10737 |              0.0 |
|            aerosol.glomap_clim |      1.00622 |       1.23818 |      1.30034 |     1.00602 |       1.2379 |     1.29996 |           180 |  0.76584 |          0.00688 |
|                 aerosol.radaer |      0.24064 |       0.31071 |      0.34319 |     0.24039 |      0.31038 |     0.34282 |             3 |  0.19202 |          0.10357 |
|           aerosol.stratosphere |      0.00221 |       0.00486 |      0.00814 |     0.00221 |      0.00486 |     0.00814 |           180 |  0.00301 |            3e-05 |
|                    bl.explicit |      2.47367 |       5.30187 |       8.5792 |     1.50378 |      1.95231 |     2.27936 |           360 |  1.20783 |          0.01473 |
|                    bl.implicit |      8.82962 |       11.2594 |      14.1544 |     7.96303 |     10.60133 |     13.6759 |           360 |  6.55869 |          0.03128 |
|                          cloud |      0.99967 |       2.37591 |      3.98486 |     0.98865 |       2.3645 |      3.9733 |           180 |  1.46284 |           0.0132 |
|                   cloud.bm_tau |      0.42182 |       0.49577 |      0.55119 |     0.42182 |      0.49577 |     0.55119 |           180 |  0.30672 |          0.00275 |
|                   diags.bl_exp |      0.02006 |       0.02634 |      0.05516 |     0.00407 |      0.00497 |     0.00723 |           360 |  0.00308 |            7e-05 |
|                   diags.bl_imp |      0.07089 |       0.07824 |      0.09777 |     0.05229 |      0.05793 |     0.06328 |           540 |  0.03584 |          0.00014 |
|                   diags.blpert |      0.00417 |       0.00514 |      0.00719 |       4e-05 |        5e-05 |     0.00013 |           360 |    3e-05 |            1e-05 |
|                    diags.casim |      0.02481 |       0.03109 |       0.0381 |     0.01056 |      0.01487 |     0.01944 |           360 |   0.0092 |            9e-05 |
|                    diags.cloud |      0.06363 |       0.09193 |      0.10631 |     0.04161 |       0.0474 |     0.05301 |           360 |  0.02932 |          0.00026 |
|                 diags.dynamics |      0.02801 |        0.0299 |      0.03206 |     0.02661 |      0.02838 |      0.0305 |           180 |  0.01756 |          0.00017 |
|                 diags.electric |      0.00838 |       0.00915 |       0.0105 |      0.0072 |      0.00789 |     0.00905 |           360 |  0.00488 |            3e-05 |
|              diags.glomap_clim |      0.01736 |       0.02301 |      0.03047 |     0.00037 |      0.00056 |     0.00086 |           180 |  0.00035 |          0.00013 |
|               diags.illuminate |      0.00352 |       0.00431 |      0.00664 |       6e-05 |      0.00012 |     0.00141 |           180 |    8e-05 |            2e-05 |
|                diags.jules_exp |      0.13397 |       0.34248 |      0.67019 |     0.00541 |      0.00603 |     0.00686 |           360 |  0.00373 |          0.00095 |
|                diags.jules_imp |      0.01357 |        0.0171 |      0.02295 |     0.00651 |      0.00754 |     0.00908 |           360 |  0.00466 |            5e-05 |
|             diags.jules_seaice |      0.00312 |       0.00431 |      0.00678 |     0.00056 |      0.00082 |     0.00129 |           180 |  0.00051 |            2e-05 |
|               diags.jules_snow |      0.00707 |       0.00881 |      0.01875 |     0.00345 |       0.0039 |     0.00503 |           360 |  0.00241 |            2e-05 |
|               diags.jules_soil |      0.01166 |       0.03379 |      0.08757 |     0.00653 |      0.00728 |     0.00803 |           360 |  0.00451 |            9e-05 |
|        diags.locate_tropopause |      0.00115 |       0.00181 |      0.00239 |       1e-05 |        2e-05 |       5e-05 |           180 |    1e-05 |            1e-05 |
|             diags.microphysics |       0.0157 |       0.01941 |      0.02452 |       9e-05 |      0.00016 |     0.00097 |           180 |   0.0001 |          0.00011 |
|                     diags.pmsl |      0.06165 |       0.07638 |      0.08331 |     0.02337 |      0.03563 |     0.03985 |           180 |  0.02204 |          0.00042 |
|             diags.pressure_lev |       0.0196 |        0.0251 |      0.02667 |     0.01893 |      0.02421 |     0.02578 |           180 |  0.01498 |          0.00014 |
|                   diags.radaer |      0.00026 |       0.00036 |      0.00094 |     0.00025 |      0.00035 |     0.00092 |             9 |  0.00021 |            4e-05 |
|                diags.radiation |      0.28581 |       0.63126 |       1.0265 |     0.10356 |      0.11114 |     0.12494 |           360 |  0.06876 |          0.00175 |
|              diags.smagorinsky |       0.0045 |       0.00672 |      0.00834 |       5e-05 |        9e-05 |      0.0002 |           360 |    5e-05 |            2e-05 |
|  dynamics.compute_si_operators |        7.592 |       7.65712 |      8.11615 |      3.9307 |      5.78763 |     6.10294 |           180 |  3.58061 |          0.04254 |
|       dynamics.phys_predictors |      1.45577 |      10.06794 |      15.6381 |     0.10713 |       0.1536 |      0.2027 |           360 |  0.09503 |          0.02797 |
|               dynamics.rhs_alg |      3.10369 |       5.51535 |      17.4213 |     1.61228 |      2.62195 |     2.94602 |           900 |  1.62211 |          0.00613 |
|               dynamics.rhs_lbc |      0.38871 |       0.43011 |      0.47453 |     0.16637 |      0.32631 |     0.38903 |           180 |  0.20188 |          0.00239 |
|                dynamics.solver |      6.96715 |       7.06297 |      7.14595 |     0.56475 |      1.15911 |      1.2161 |           720 |   0.7171 |          0.00981 |
|             dynamics.transport |      27.5149 |       28.0157 |      42.1358 |     1.44382 |      1.55917 |     1.65373 |           360 |   0.9646 |          0.07782 |
|  dynamics.transport_predictors |      0.79943 |       0.82706 |      0.94891 |      0.0193 |       0.0335 |     0.04257 |           180 |  0.02073 |          0.00459 |
|                       electric |      0.17122 |        0.1898 |      0.21056 |     0.05324 |      0.06717 |     0.08522 |           180 |  0.04156 |          0.00105 |
|                   fast_physics |      16.6679 |      20.13473 |      30.1876 |     0.36193 |      0.50046 |     0.94933 |           360 |  0.30962 |          0.05593 |
|                field.halo_ex_1 |      11.3208 |      28.80401 |      39.3355 |      7.7947 |     25.20392 |     35.4491 |         46335 | 15.59282 |          0.00062 |
|                field.halo_ex_2 |      0.39151 |       1.36862 |      14.0819 |     0.27211 |       1.2422 |     14.0076 |          1986 |  0.76851 |          0.00069 |
|                field.halo_ex_6 |      0.28054 |       0.29211 |      0.32227 |     0.07705 |      0.09001 |     0.11652 |           277 |  0.05568 |          0.00105 |
|                field.halo_ex_7 |      1.35916 |        1.5285 |      1.83607 |     1.16782 |      1.33884 |     1.64583 |          4896 |  0.82829 |          0.00031 |
|                field.halo_ex_8 |      3.15389 |       3.76108 |      4.22371 |     3.03717 |      3.64203 |     4.10468 |         11825 |   2.2532 |          0.00032 |
|               field.initialise |      0.33267 |       0.43664 |      0.53747 |     0.33267 |      0.43664 |     0.53747 |        380048 |  0.27013 |              0.0 |
|                     field.read |      27.8944 |      28.24566 |      28.2939 |       2e-05 |        5e-05 |     0.00023 |            62 |    3e-05 |          0.45558 |
|                    field.write |      0.60688 |       1.11023 |      1.57558 |     0.08905 |      0.10526 |     0.11739 |         37951 |  0.06512 |            3e-05 |
|                 fs.constructor |      0.01751 |        0.0277 |      0.03156 |     0.01751 |       0.0277 |     0.03156 |            71 |  0.01714 |          0.00039 |
|      gungho_diagnostics_driver |      4.06835 |       4.30641 |      4.41164 |     3.08443 |      3.94522 |     4.04274 |           181 |  2.44077 |          0.02379 |
|         gungho_driver.finalise |      0.56742 |       0.56906 |      0.56922 |     0.01774 |      0.01987 |     0.02254 |             1 |  0.01229 |          0.56906 |
|   gungho_driver.first_timestep |      5.97441 |       6.02615 |      6.09292 |       3e-05 |        7e-05 |     0.00015 |             1 |    4e-05 |          6.02615 |
|       gungho_driver.initialise |      39.7689 |      39.83562 |      39.8877 |     1.49489 |      1.57292 |     1.67595 |             1 |  0.97311 |         39.83562 |
|        gungho_driver.mesh_init |      0.72593 |        0.7434 |      0.74998 |     0.72593 |       0.7434 |     0.74998 |             1 |  0.45992 |           0.7434 |
|         gungho_driver.timestep |      114.459 |     114.46775 |      114.485 |     0.00163 |      0.00228 |     0.00287 |           179 |  0.00141 |          0.63948 |
|                gungho_timestep |      115.506 |     115.61198 |      116.073 |     0.00911 |      0.01422 |     0.01803 |           180 |   0.0088 |          0.64229 |
|          halo_routing_creation |      4.07159 |       4.21948 |      4.59459 |     4.07159 |      4.21948 |     4.59459 |         65319 |  2.61045 |            6e-05 |
|                      init_lbcs |      0.07216 |       0.09118 |      0.14533 |     0.01278 |      0.02127 |     0.07082 |             1 |  0.01316 |          0.09118 |
|                 jules.explicit |      0.22967 |       0.55715 |       1.3119 |     0.22296 |      0.54997 |     1.30429 |           180 |  0.34025 |           0.0031 |
|                    jules.extra |       0.0255 |       0.20029 |      0.63972 |     0.01467 |       0.1885 |     0.62784 |           180 |  0.11662 |          0.00111 |
|                 jules.implicit |       0.2929 |       0.55453 |      1.09851 |     0.28521 |      0.54578 |     1.08912 |           720 |  0.33765 |          0.00077 |
|                jules.radiation |      0.08687 |       0.11126 |      0.14686 |     0.07929 |      0.10362 |     0.14039 |           180 |  0.06411 |          0.00062 |
|                   leonard_term |      0.27128 |       0.65006 |      3.00105 |     0.09686 |      0.14449 |      0.1756 |           180 |  0.08939 |          0.00361 |
|    lfric_xios.finalise_context |      0.54661 |       0.54918 |      0.55092 |       1e-05 |        6e-05 |       8e-05 |             1 |    4e-05 |          0.54918 |
|        lfric_xios.init_context |      0.06691 |       0.15108 |       0.1731 |     0.05568 |      0.13924 |     0.16146 |             1 |  0.08614 |          0.15108 |
|           lfric_xios.read_fldg |      27.8943 |      28.24559 |      28.2939 |     27.8525 |     28.20069 |     28.2159 |            62 | 17.44682 |          0.45557 |
|          lfric_xios.write_fldg |      0.50642 |       1.00487 |      1.46978 |     0.50642 |      1.00487 |     1.46978 |           211 |  0.62168 |          0.00476 |
|              locate_tropopause |      0.00998 |       0.01278 |      0.01591 |     0.00942 |      0.01206 |     0.01497 |           180 |  0.00746 |            7e-05 |
|    mappings.map_physics_fields |      3.08387 |       4.70767 |      6.09368 |     2.86344 |      4.09822 |     5.66183 |           181 |  2.53543 |          0.02601 |
|              mappings.set_wind |      2.47267 |       2.69612 |      4.81873 |      0.0684 |      0.15406 |     0.21888 |           180 |  0.09531 |          0.01498 |
|         mass_matrix_solver_alg |      2.13601 |      10.76415 |      16.3255 |     1.17406 |      1.64049 |     1.84999 |          1082 |  1.01492 |          0.00995 |
|             microphysics.casim |      8.33628 |      11.13193 |      13.6612 |     8.32315 |     11.11909 |     13.6467 |           180 |  6.87901 |          0.06184 |
|    microphysics.casim_activate |      0.00799 |       0.01198 |      0.01572 |     0.00674 |      0.01068 |      0.0144 |           181 |  0.00661 |            7e-05 |
|      mixed_solver.schur_precon |      5.49578 |       5.60234 |      5.87973 |     0.00168 |      0.00239 |     0.00314 |           720 |  0.00148 |          0.00778 |
|  pressure_solver.helmholtz_lhs |        3.162 |        3.2811 |      4.14709 |     2.13139 |      2.41961 |     2.49178 |         19440 |  1.49693 |          0.00017 |
|           radiation.illuminate |      0.05018 |       0.05574 |      0.06716 |     0.05018 |      0.05574 |     0.06716 |           180 |  0.03448 |          0.00031 |
|                   radiation.lw |      0.86992 |       1.35286 |      1.49656 |     0.86992 |      1.35286 |     1.49656 |           180 |  0.83697 |          0.00752 |
|                   radiation.sw |      0.01309 |       0.01897 |      0.02447 |     0.01309 |      0.01897 |     0.02447 |           180 |  0.01174 |          0.00011 |
|       runtime_constants.dycore |       0.5528 |       0.73857 |      0.78137 |      0.5528 |      0.73848 |     0.78131 |            13 |  0.45687 |          0.05681 |
|          runtime_constants.fem |      0.49232 |       0.57478 |      0.65179 |     0.29595 |      0.40343 |     0.42829 |            31 |  0.24959 |          0.01854 |
|    runtime_constants.geometric |      0.27767 |       0.31375 |      0.42279 |      0.0956 |      0.13378 |     0.14826 |            26 |  0.08276 |          0.01207 |
| runtime_constants.limited_area |      0.02342 |       0.03222 |      0.03602 |     0.00198 |       0.0061 |     0.00935 |            15 |  0.00378 |          0.00215 |
|      runtime_constants.mapping |      0.03223 |        0.0432 |      0.04736 |     0.03223 |       0.0432 |     0.04736 |             1 |  0.02673 |           0.0432 |
|      runtime_constants.physics |      0.33334 |       0.33652 |      0.33881 |     0.00071 |      0.00467 |     0.00666 |             1 |  0.00289 |          0.33652 |
|       runtime_constants.solver |      0.00075 |       0.00112 |        0.002 |     0.00074 |       0.0011 |     0.00199 |            16 |  0.00068 |            7e-05 |
|    runtime_constants.transport |      0.00096 |       0.00177 |      0.00283 |     0.00095 |      0.00176 |     0.00281 |             4 |  0.00109 |          0.00044 |
|          schur_precon.back_sub |      0.47664 |       0.59509 |      0.62795 |     0.16704 |      0.36604 |     0.39974 |           720 |  0.22646 |          0.00083 |
|   schur_precon.pressure_solver |      4.41565 |       4.54031 |      5.20476 |     1.04752 |      1.24766 |     1.28308 |           720 |  0.77188 |          0.00631 |
|               schur_precon.rhs |      0.19546 |       0.46198 |      0.50119 |     0.19313 |      0.45845 |     0.49776 |           720 |  0.28363 |          0.00064 |
|         semi_implicit_timestep |      115.493 |     115.59736 |      116.064 |     1.65498 |      2.62697 |     2.76253 |           180 |  1.62522 |          0.64221 |
|                   slow_physics |      25.8244 |      25.85495 |       25.982 |     0.38066 |      0.67616 |     1.12337 |           180 |  0.41831 |          0.14364 |
|                    smagorinsky |      1.73328 |       4.45461 |      15.9736 |     0.47479 |      0.74922 |     0.92249 |           360 |  0.46352 |          0.01237 |
|            solver.mixed_solver |      5.71453 |       5.80146 |      5.98804 |     0.09986 |      0.18701 |     0.20639 |           720 |   0.1157 |          0.00806 |
|              stoch_phys.blpert |      0.18366 |       3.64193 |      14.5977 |     0.04222 |      0.05043 |     0.06079 |           360 |   0.0312 |          0.01012 |
|      transport.controller_init |      0.94345 |       1.01431 |      1.34478 |     0.55863 |      0.63377 |     1.04513 |           360 |  0.39209 |          0.00282 |
|      transport.ffsl_horizontal |      5.72745 |       5.89635 |      6.11814 |     2.70386 |      3.09758 |     3.68982 |          2340 |  1.91637 |          0.00252 |
|        transport.ffsl_vertical |      1.73927 |       1.89538 |      1.96436 |      1.4819 |      1.61541 |     1.68834 |          7200 |   0.9994 |          0.00026 |
|         transport.flux_precomp |      1.09112 |       1.28311 |      1.34574 |     0.35617 |      0.46706 |     0.48741 |          8460 |  0.28895 |          0.00015 |
|    transport.flux_precomp_init |      0.14105 |       0.22636 |      0.23893 |     0.13444 |      0.21724 |     0.23011 |          3244 |   0.1344 |            7e-05 |
|         transport.hori_dep_pts |      0.69468 |       0.79858 |      0.85833 |     0.26856 |       0.3447 |     0.38234 |          1080 |  0.21326 |          0.00074 |
|        transport.sl_horizontal |      4.65762 |       4.86548 |      5.11632 |     1.42056 |      1.73568 |     1.81597 |          2700 |  1.07381 |           0.0018 |
|          transport.sl_vertical |      2.47175 |       2.58186 |      2.92945 |     0.41684 |      0.52877 |     0.61878 |          2880 |  0.32713 |           0.0009 |
|                 transport.wind |      8.45624 |        8.7803 |       8.9142 |     1.78263 |      2.57616 |     2.70198 |           360 |  1.59378 |          0.02439 |
|         transport.wind_precomp |      1.34565 |       1.47666 |      2.22317 |     0.79688 |      0.98324 |     1.02478 |          2160 |   0.6083 |          0.00068 |
|   transport.wind_precomp_final |      6.64227 |       6.94556 |      21.0314 |     6.64227 |      6.94556 |     21.0314 |          2160 |  4.29699 |          0.00322 |
|    transport.wind_precomp_init |      0.18172 |       0.40978 |      0.45407 |     0.17597 |      0.40009 |     0.44404 |           360 |  0.24752 |          0.00114 |
|                    update_lbcs |      0.45222 |       0.64418 |      0.68805 |     0.41218 |      0.60319 |     0.64869 |           180 |  0.37318 |          0.00358 |
|  xios.close_context_definition |      8.40203 |       8.40904 |      8.75974 |     8.40203 |      8.40904 |     8.75974 |             1 |  5.20239 |          8.40904 |
|          xios.context_finalize |      0.54654 |       0.54911 |      0.55085 |     0.54654 |      0.54911 |     0.55085 |             1 |  0.33972 |          0.54911 |
|           xios.update_calendar |      0.71989 |        0.7363 |      0.77556 |     0.71989 |       0.7363 |     0.77556 |           182 |  0.45552 |          0.00405 |