|                        Routine | Total Min(s) | Total Mean(s) | Total Max(s) | Self Min(s) | Self Mean(s) | Self Max(s) | Max no. calls |   % time | Time per call(s) |
|                  __lfric_atm__ |      137.605 |     137.60592 |      137.607 |     0.00283 |      0.00555 |     0.00748 |             1 |  0.00403 |        137.60592 |
|                      __setup__ |      36.5896 |      36.65339 |      36.7259 |       6e-05 |      0.00137 |     0.00391 |             1 |    0.001 |         36.65339 |
|                    __vernier__ |      0.12895 |       0.18244 |       0.1988 |     0.12895 |      0.18244 |      0.1988 |        624263 |  0.13258 |              0.0 |
|            aerosol.glomap_clim |       1.0062 |       1.25515 |      1.35086 |     1.00601 |      1.25487 |     1.35059 |           180 |  0.91193 |          0.00697 |
|                 aerosol.radaer |      0.24062 |       0.31314 |      0.34856 |     0.24036 |      0.31273 |     0.34821 |             3 |  0.22727 |          0.10438 |
|           aerosol.stratosphere |      0.00173 |       0.00513 |      0.00973 |     0.00173 |      0.00513 |     0.00973 |           180 |  0.00372 |            3e-05 |
|                    bl.explicit |      2.21693 |       3.89893 |      5.83502 |      1.3053 |      1.71293 |     2.00921 |           360 |  1.24481 |          0.01083 |
|                    bl.implicit |      6.21644 |       7.84752 |      9.40873 |     5.55009 |      7.23669 |     8.95711 |           360 |    5.259 |           0.0218 |
|                          cloud |      0.64018 |       1.36445 |      2.15665 |     0.62931 |      1.35314 |     2.14524 |           180 |  0.98335 |          0.00758 |
|                   cloud.bm_tau |      0.42208 |       0.51083 |      0.58451 |     0.42208 |      0.51083 |     0.58451 |           180 |  0.37122 |          0.00284 |
|                   diags.bl_exp |      0.01886 |       0.02328 |      0.03014 |     0.00399 |       0.0053 |     0.00766 |           360 |  0.00385 |            6e-05 |
|                   diags.bl_imp |      0.06621 |       0.08919 |      0.15501 |     0.05185 |      0.06072 |     0.06973 |           540 |  0.04413 |          0.00017 |
|                   diags.blpert |       0.0041 |       0.00485 |       0.0072 |       4e-05 |        5e-05 |     0.00011 |           360 |    4e-05 |            1e-05 |
|                    diags.casim |      0.02201 |       0.02838 |       0.0341 |        0.01 |      0.01493 |     0.01802 |           360 |  0.01085 |            8e-05 |
|                    diags.cloud |      0.06307 |       0.08823 |      0.10389 |     0.04184 |      0.04842 |     0.05232 |           360 |  0.03519 |          0.00025 |
|                 diags.dynamics |      0.02809 |       0.03199 |      0.03472 |     0.02666 |      0.03036 |     0.03306 |           180 |  0.02206 |          0.00018 |
|                 diags.electric |      0.00838 |        0.0099 |      0.01213 |     0.00723 |      0.00852 |     0.01056 |           360 |  0.00619 |            3e-05 |
|              diags.glomap_clim |       0.0168 |       0.02385 |      0.03192 |     0.00035 |      0.00066 |     0.00167 |           180 |  0.00048 |          0.00013 |
|               diags.illuminate |      0.00359 |       0.00432 |      0.00595 |       6e-05 |        9e-05 |     0.00017 |           180 |    6e-05 |            2e-05 |
|                diags.jules_exp |      0.01515 |       0.34828 |      0.71444 |     0.00548 |      0.00646 |     0.00771 |           360 |  0.00469 |          0.00097 |
|                diags.jules_imp |      0.01331 |       0.01697 |      0.02318 |     0.00628 |      0.00837 |     0.01034 |           360 |  0.00608 |            5e-05 |
|             diags.jules_seaice |      0.00307 |       0.00418 |      0.00749 |     0.00053 |      0.00083 |     0.00142 |           180 |   0.0006 |            2e-05 |
|               diags.jules_snow |        0.007 |       0.01082 |      0.06144 |     0.00336 |      0.00397 |     0.00477 |           360 |  0.00288 |            3e-05 |
|               diags.jules_soil |      0.01141 |       0.05677 |      0.13584 |     0.00645 |      0.00778 |     0.00862 |           360 |  0.00565 |          0.00016 |
|        diags.locate_tropopause |       0.0012 |       0.00189 |      0.00247 |       1e-05 |        2e-05 |       6e-05 |           180 |    1e-05 |            1e-05 |
|             diags.microphysics |      0.01307 |       0.01578 |      0.02104 |       6e-05 |      0.00012 |     0.00022 |           180 |    8e-05 |            9e-05 |
|                     diags.pmsl |      0.06314 |       0.06985 |      0.07516 |      0.0223 |      0.03611 |     0.04268 |           180 |  0.02624 |          0.00039 |
|             diags.pressure_lev |       0.0196 |       0.02524 |      0.02722 |     0.01892 |      0.02436 |     0.02634 |           180 |   0.0177 |          0.00014 |
|                   diags.radaer |      0.00026 |       0.00048 |      0.00166 |     0.00025 |      0.00047 |     0.00164 |             9 |  0.00034 |            5e-05 |
|                diags.radiation |      0.31418 |       0.47432 |      0.93388 |     0.10359 |      0.12143 |     0.13548 |           360 |  0.08825 |          0.00132 |
|              diags.smagorinsky |      0.00455 |       0.00704 |      0.01175 |       6e-05 |        8e-05 |     0.00017 |           360 |    6e-05 |            2e-05 |
|  dynamics.compute_si_operators |      7.92783 |       8.25346 |      8.71122 |     4.01009 |      6.19821 |     6.48321 |           180 |  4.50432 |          0.04585 |
|       dynamics.phys_predictors |      1.29729 |       3.82968 |      7.61358 |     0.09916 |      0.13302 |       0.181 |           360 |  0.09667 |          0.01064 |
|               dynamics.rhs_alg |      2.99568 |        4.5386 |      9.63169 |     1.54763 |      2.58534 |     2.96608 |           900 |   1.8788 |          0.00504 |
|               dynamics.rhs_lbc |      0.37629 |       0.44253 |      0.50873 |     0.16771 |      0.33212 |     0.40681 |           180 |  0.24136 |          0.00246 |
|                dynamics.solver |      6.91701 |       7.08769 |      7.18706 |     0.55006 |      1.13499 |     1.29403 |           720 |  0.82481 |          0.00984 |
|             dynamics.transport |       28.066 |      29.11398 |      35.4957 |     1.41021 |      1.51715 |     1.64284 |           360 |  1.10253 |          0.08087 |
|  dynamics.transport_predictors |      0.73745 |       0.81281 |      0.90046 |      0.0187 |      0.03522 |     0.05274 |           180 |  0.02559 |          0.00452 |
|                       electric |      0.15407 |        0.1765 |      0.21732 |     0.05055 |      0.06547 |     0.09161 |           180 |  0.04758 |          0.00098 |
|                   fast_physics |      11.8405 |      14.62026 |      17.7814 |     0.36213 |      0.73547 |     3.54881 |           360 |  0.53448 |          0.04061 |
|                field.halo_ex_1 |      8.45465 |      16.77086 |      27.1686 |     6.27662 |     14.56209 |     24.6373 |         46335 | 10.58246 |          0.00036 |
|                field.halo_ex_2 |      0.27443 |       0.86259 |      6.40598 |      0.2091 |      0.73183 |      6.3014 |          1986 |  0.53183 |          0.00043 |
|                field.halo_ex_6 |      0.28473 |       0.31262 |      0.37385 |     0.08144 |      0.11292 |     0.17409 |           365 |  0.08206 |          0.00086 |
|                field.halo_ex_7 |      1.23825 |       1.61808 |      2.14745 |     1.04038 |      1.41941 |     1.95053 |          5084 |   1.0315 |          0.00032 |
|                field.halo_ex_8 |      2.79025 |       3.67398 |      4.40473 |     2.66704 |      3.54858 |     4.28867 |         11549 |   2.5788 |          0.00032 |
|               field.initialise |      0.30266 |       0.42372 |       0.5197 |     0.30266 |      0.42372 |      0.5197 |        382052 |  0.30792 |              0.0 |
|                     field.read |      26.9241 |      26.97848 |      27.0273 |       2e-05 |        7e-05 |     0.00066 |            62 |    5e-05 |          0.43514 |
|                    field.write |      0.42059 |       1.07146 |      1.75439 |     0.08835 |      0.11028 |     0.12846 |         37951 |  0.08014 |            3e-05 |
|                 fs.constructor |      0.01205 |        0.0212 |      0.02669 |     0.01205 |       0.0212 |     0.02669 |            71 |   0.0154 |           0.0003 |
|      gungho_diagnostics_driver |      4.19522 |       4.54871 |      4.81355 |     3.07912 |      4.09228 |     4.23305 |           181 |  2.97391 |          0.02513 |
|         gungho_driver.finalise |         0.46 |       0.46366 |      0.46402 |     0.01725 |      0.02143 |     0.02488 |             1 |  0.01557 |          0.46366 |
|   gungho_driver.first_timestep |      4.46129 |       4.53289 |       4.5966 |       2e-05 |        6e-05 |     0.00025 |             1 |    4e-05 |          4.53289 |
|       gungho_driver.initialise |      36.5867 |      36.65202 |      36.7258 |     0.94695 |      1.16758 |     1.29917 |             1 |  0.84849 |         36.65202 |
|        gungho_driver.mesh_init |      0.68708 |       0.72012 |      0.73412 |     0.68708 |      0.72012 |     0.73412 |             1 |  0.52332 |          0.72012 |
|         gungho_driver.timestep |      95.2014 |      95.22071 |      95.2431 |      0.0016 |      0.00227 |     0.00306 |           179 |  0.00165 |          0.53196 |
|                gungho_timestep |      94.4502 |      94.72073 |      95.3196 |     0.00838 |      0.01469 |     0.01844 |           180 |  0.01068 |          0.52623 |
|          halo_routing_creation |      2.69849 |       2.84437 |      3.26687 |     2.69849 |      2.84437 |     3.26687 |         65319 |  2.06704 |            4e-05 |
|                      init_lbcs |      0.07422 |       0.09753 |      0.16808 |     0.00777 |      0.02049 |     0.08582 |             1 |  0.01489 |          0.09753 |
|                 jules.explicit |      0.19913 |       0.50259 |      1.19139 |     0.19241 |      0.49478 |     1.18351 |           180 |  0.35956 |          0.00279 |
|                    jules.extra |      0.02375 |       0.17107 |      0.54141 |     0.01314 |      0.15863 |     0.52861 |           180 |  0.11528 |          0.00095 |
|                 jules.implicit |      0.25903 |       0.50862 |      0.93947 |     0.25126 |      0.49981 |     0.93001 |           720 |  0.36322 |          0.00071 |
|                jules.radiation |      0.07699 |       0.10595 |      0.13803 |     0.06777 |      0.09673 |     0.12778 |           180 |  0.07029 |          0.00059 |
|                   leonard_term |       0.2789 |       0.60394 |       2.1783 |     0.09316 |      0.13618 |     0.17174 |           180 |  0.09897 |          0.00336 |
|    lfric_xios.finalise_context |      0.43868 |       0.44223 |      0.44323 |       3e-05 |        6e-05 |     0.00011 |             1 |    4e-05 |          0.44223 |
|        lfric_xios.init_context |      0.07372 |       0.10939 |      0.27773 |     0.05336 |      0.09397 |     0.26105 |             1 |  0.06829 |          0.10939 |
|           lfric_xios.read_fldg |      26.9241 |       26.9784 |      27.0273 |     26.9096 |       26.944 |     26.9531 |            62 | 19.58055 |          0.43514 |
|          lfric_xios.write_fldg |      0.31004 |       0.96109 |      1.64597 |     0.31004 |      0.96109 |     1.64597 |           211 |  0.69843 |          0.00455 |
|              locate_tropopause |      0.01008 |       0.01357 |      0.01706 |     0.00951 |      0.01277 |     0.01619 |           180 |  0.00928 |            8e-05 |
|    mappings.map_physics_fields |      3.32564 |       4.12829 |      4.85141 |     3.09584 |      3.80834 |     4.70905 |           181 |  2.76757 |          0.02281 |
|              mappings.set_wind |      0.81933 |       0.99789 |      2.09706 |      0.0487 |      0.11244 |     0.17965 |           180 |  0.08171 |          0.00554 |
|         mass_matrix_solver_alg |      1.98383 |       4.53317 |      8.31052 |     1.14331 |      1.56006 |     1.74962 |          1082 |  1.13372 |          0.00419 |
|             microphysics.casim |        4.653 |       6.17835 |      7.81129 |     4.64068 |      6.16462 |     7.79704 |           180 |  4.47991 |          0.03432 |
|    microphysics.casim_activate |      0.00692 |       0.01171 |      0.01813 |     0.00564 |       0.0104 |     0.01671 |           181 |  0.00756 |            6e-05 |
|      mixed_solver.schur_precon |      5.43605 |       5.63969 |      5.94865 |     0.00158 |      0.00261 |     0.00391 |           720 |   0.0019 |          0.00783 |
|  pressure_solver.helmholtz_lhs |      3.08197 |       3.31349 |      4.23055 |     2.10069 |      2.45408 |     2.62941 |         19440 |  1.78341 |          0.00017 |
|           radiation.illuminate |      0.04121 |       0.05306 |      0.07182 |     0.04121 |      0.05306 |     0.07182 |           180 |  0.03856 |          0.00029 |
|                   radiation.lw |      0.74984 |       1.22988 |      1.39319 |     0.74984 |      1.22988 |     1.39319 |           180 |  0.89377 |          0.00683 |
|                   radiation.sw |      0.00849 |       0.01801 |      0.02557 |     0.00849 |      0.01801 |     0.02557 |           180 |  0.01309 |           0.0001 |
|       runtime_constants.dycore |      0.55771 |       0.78032 |      0.81638 |     0.55771 |      0.78032 |     0.81637 |            13 |  0.56707 |          0.06002 |
|          runtime_constants.fem |      0.51424 |       0.58558 |      0.65678 |     0.30166 |       0.4318 |     0.47341 |            31 |  0.31379 |          0.01889 |
|    runtime_constants.geometric |      0.27042 |       0.31748 |      0.47886 |     0.09719 |      0.14125 |     0.15368 |            26 |  0.10265 |          0.01221 |
| runtime_constants.limited_area |      0.02535 |       0.04626 |       0.0535 |     0.00148 |      0.00642 |      0.0124 |            15 |  0.00467 |          0.00308 |
|      runtime_constants.mapping |      0.03316 |       0.04546 |      0.05171 |     0.03316 |      0.04546 |     0.05171 |             1 |  0.03304 |          0.04546 |
|      runtime_constants.physics |      0.34587 |       0.35044 |      0.35483 |     0.00046 |      0.00492 |     0.00859 |             1 |  0.00357 |          0.35044 |
|       runtime_constants.solver |      0.00058 |       0.00089 |       0.0015 |     0.00057 |      0.00088 |     0.00149 |            16 |  0.00064 |            6e-05 |
|    runtime_constants.transport |       0.0009 |       0.00194 |      0.00456 |     0.00089 |      0.00192 |     0.00454 |             4 |  0.00139 |          0.00049 |
|          schur_precon.back_sub |      0.45824 |       0.59203 |      0.64648 |     0.17023 |      0.38534 |     0.44623 |           720 |  0.28003 |          0.00082 |
|   schur_precon.pressure_solver |      4.37643 |       4.58283 |      5.27005 |     1.02987 |      1.25813 |     1.35126 |           720 |   0.9143 |          0.00637 |
|               schur_precon.rhs |      0.19758 |       0.45896 |      0.50042 |      0.1957 |      0.45498 |     0.49629 |           720 |  0.33064 |          0.00064 |
|         semi_implicit_timestep |      94.4348 |       94.7056 |      95.3103 |     1.61163 |      2.62599 |     2.77864 |           180 |  1.90834 |          0.52614 |
|                   slow_physics |      17.4668 |      17.55135 |      17.8246 |     0.48883 |      0.79591 |     1.76158 |           180 |   0.5784 |          0.09751 |
|                    smagorinsky |      1.64405 |       4.25611 |      7.93354 |     0.48265 |      0.74823 |      1.0207 |           360 |  0.54375 |          0.01182 |
|            solver.mixed_solver |      5.66117 |       5.83446 |      6.05116 |      0.0922 |      0.17877 |     0.21669 |           720 |  0.12991 |           0.0081 |
|              stoch_phys.blpert |      0.15413 |       1.48894 |      6.32833 |      0.0382 |      0.04752 |     0.06183 |           360 |  0.03453 |          0.00414 |
|      transport.controller_init |      1.02694 |       1.15633 |      1.56322 |     0.62412 |      0.76514 |       1.245 |           360 |  0.55603 |          0.00321 |
|      transport.ffsl_horizontal |      5.35991 |       5.66472 |      5.89845 |     2.52698 |      3.01622 |     3.67818 |          2340 |  2.19193 |          0.00242 |
|        transport.ffsl_vertical |      1.77267 |       2.54498 |      2.68645 |     1.52024 |      2.28043 |     2.41333 |          7200 |  1.65722 |          0.00035 |
|         transport.flux_precomp |      1.07015 |       1.21581 |      1.27013 |     0.35121 |      0.44754 |     0.47555 |          8460 |  0.32523 |          0.00014 |
|    transport.flux_precomp_init |      0.13283 |       0.23262 |      0.25194 |     0.12641 |      0.22402 |     0.24415 |          3240 |   0.1628 |            7e-05 |
|         transport.hori_dep_pts |      0.62155 |       0.75176 |      0.81231 |     0.25167 |      0.33101 |       0.374 |          1080 |  0.24055 |           0.0007 |
|        transport.sl_horizontal |      4.31996 |       5.01584 |      5.27755 |      1.3952 |      1.73786 |     1.82832 |          2700 |  1.26293 |          0.00186 |
|          transport.sl_vertical |      2.35681 |       2.43354 |      2.76951 |     0.39274 |      0.51889 |     0.64368 |          2880 |  0.37709 |          0.00084 |
|                 transport.wind |       8.2044 |        8.5036 |      10.0308 |     1.82953 |      2.68108 |     4.22214 |           360 |  1.94837 |          0.02362 |
|         transport.wind_precomp |       1.2504 |       1.34855 |      2.11199 |      0.7615 |      0.96978 |     1.01557 |          2160 |  0.70475 |          0.00062 |
|   transport.wind_precomp_final |      6.63735 |       7.50249 |      13.8696 |     6.63735 |      7.50249 |     13.8696 |          2160 |  5.45216 |          0.00347 |
|    transport.wind_precomp_init |      0.16396 |       0.39835 |      0.45938 |     0.15857 |      0.38932 |     0.45085 |           360 |  0.28293 |          0.00111 |
|                    update_lbcs |      0.35648 |       0.54992 |      0.61484 |     0.31693 |      0.50954 |     0.57225 |           180 |  0.37029 |          0.00306 |
|  xios.close_context_definition |       6.8319 |       6.83539 |      6.86829 |      6.8319 |      6.83539 |     6.86829 |             1 |  4.96737 |          6.83539 |
|          xios.context_finalize |      0.43863 |       0.44217 |      0.44318 |     0.43863 |      0.44217 |     0.44318 |             1 |  0.32133 |          0.44217 |
|           xios.update_calendar |      0.71163 |       0.73063 |      0.77431 |     0.71163 |      0.73063 |     0.77431 |           182 |  0.53096 |          0.00401 |