|                        Routine | Total Min(s) | Total Mean(s) | Total Max(s) | Self Min(s) | Self Mean(s) | Self Max(s) | Max no. calls |   % time | Time per call(s) |
|                  __lfric_atm__ |      260.298 |     260.29873 |        260.3 |      0.0031 |      0.00526 |     0.00753 |             1 |  0.00202 |        260.29873 |
|                      __setup__ |      40.8031 |      40.98217 |      41.0777 |       6e-05 |      0.00049 |     0.00131 |             1 |  0.00019 |         40.98217 |
|                    __vernier__ |      0.21397 |       0.25309 |      0.26781 |     0.21397 |      0.25309 |     0.26781 |        621543 |  0.09723 |              0.0 |
|            aerosol.glomap_clim |      2.24809 |       2.70769 |      2.82192 |     2.24785 |      2.70732 |     2.82153 |           180 |  1.04008 |          0.01504 |
|                 aerosol.radaer |      0.54054 |       0.69444 |      0.76944 |     0.54027 |      0.69411 |     0.76905 |             3 |  0.26666 |          0.23148 |
|           aerosol.stratosphere |      0.00578 |       0.00893 |      0.01444 |     0.00578 |      0.00893 |     0.01444 |           180 |  0.00343 |            5e-05 |
|                    bl.explicit |       4.6619 |       9.75108 |      15.9987 |     2.71365 |      3.61925 |     4.37766 |           360 |  1.39042 |          0.02709 |
|                    bl.implicit |       16.876 |      22.27591 |      28.8485 |     14.9791 |     20.94733 |     27.9551 |           360 |  8.04742 |          0.06188 |
|                          cloud |       2.1911 |        5.1652 |       8.7375 |     2.17824 |      5.15098 |      8.7224 |           180 |  1.97887 |           0.0287 |
|                   cloud.bm_tau |      0.68539 |       0.88222 |      1.03218 |     0.68539 |      0.88222 |     1.03218 |           180 |  0.33893 |           0.0049 |
|                   diags.bl_exp |      0.03046 |       0.04386 |      0.06071 |     0.00439 |      0.00586 |     0.00872 |           360 |  0.00225 |          0.00012 |
|                   diags.bl_imp |      0.07828 |       0.09571 |      0.11242 |     0.05482 |      0.06452 |       0.073 |           540 |  0.02479 |          0.00018 |
|                   diags.blpert |      0.00401 |       0.00547 |      0.00916 |       4e-05 |        6e-05 |     0.00029 |           360 |    2e-05 |            2e-05 |
|                    diags.casim |      0.02924 |       0.03855 |      0.04936 |     0.01338 |      0.01755 |     0.02416 |           360 |  0.00674 |          0.00011 |
|                    diags.cloud |      0.05475 |        0.0652 |      0.07661 |     0.04804 |      0.05471 |      0.0632 |           360 |  0.02102 |          0.00018 |
|                 diags.dynamics |       0.0286 |       0.03032 |      0.03206 |     0.02706 |      0.02876 |     0.03037 |           180 |  0.01105 |          0.00017 |
|                 diags.electric |      0.00873 |       0.00987 |       0.0139 |     0.00746 |      0.00831 |     0.01121 |           360 |  0.00319 |            3e-05 |
|              diags.glomap_clim |      0.02081 |       0.02667 |       0.0334 |     0.00043 |      0.00066 |     0.00103 |           180 |  0.00025 |          0.00015 |
|               diags.illuminate |      0.00387 |       0.00689 |      0.01429 |       9e-05 |      0.00014 |     0.00071 |           180 |    5e-05 |            4e-05 |
|                diags.jules_exp |      0.01885 |       0.21764 |      0.38393 |     0.00557 |       0.0063 |     0.00752 |           360 |  0.00242 |           0.0006 |
|                diags.jules_imp |      0.02964 |       0.04554 |      0.05974 |     0.00748 |      0.01029 |     0.01493 |           360 |  0.00395 |          0.00013 |
|             diags.jules_seaice |      0.00348 |       0.00531 |      0.01016 |     0.00088 |      0.00135 |     0.00275 |           180 |  0.00052 |            3e-05 |
|               diags.jules_snow |      0.00793 |       0.01032 |      0.01613 |     0.00376 |      0.00464 |     0.00605 |           360 |  0.00178 |            3e-05 |
|               diags.jules_soil |      0.01219 |       0.01721 |      0.02601 |     0.00676 |      0.00762 |     0.00869 |           360 |  0.00293 |            5e-05 |
|        diags.locate_tropopause |       0.0017 |       0.00209 |      0.00265 |       2e-05 |        2e-05 |       3e-05 |           180 |    1e-05 |            1e-05 |
|             diags.microphysics |      0.01861 |       0.02531 |       0.0332 |     0.00011 |      0.00021 |     0.00102 |           180 |    8e-05 |          0.00014 |
|                     diags.pmsl |      0.08608 |       0.08907 |      0.09862 |      0.0392 |      0.05444 |     0.07198 |           180 |  0.02091 |          0.00049 |
|             diags.pressure_lev |      0.02101 |        0.0259 |      0.02826 |     0.02028 |      0.02496 |      0.0274 |           180 |  0.00959 |          0.00014 |
|                   diags.radaer |      0.00028 |       0.00035 |      0.00076 |     0.00026 |      0.00033 |     0.00075 |             9 |  0.00013 |            4e-05 |
|                diags.radiation |      0.18238 |       0.32347 |      0.53183 |     0.10536 |      0.11589 |     0.13301 |           360 |  0.04452 |           0.0009 |
|              diags.smagorinsky |       0.0079 |        0.0099 |      0.01317 |       9e-05 |      0.00015 |     0.00026 |           360 |    6e-05 |            3e-05 |
|  dynamics.compute_si_operators |      15.3093 |      15.49394 |      16.2635 |     9.47794 |     12.47087 |     13.2376 |           180 |  4.79098 |          0.08608 |
|       dynamics.phys_predictors |      4.14791 |       4.92838 |       6.4889 |     0.29344 |      0.46074 |     0.55145 |           360 |    0.177 |          0.01369 |
|               dynamics.rhs_alg |      7.33982 |       8.79703 |      9.99184 |      5.0334 |      6.45374 |     7.19755 |           900 |  2.47936 |          0.00977 |
|               dynamics.rhs_lbc |      0.90367 |       1.02947 |      1.10711 |     0.56214 |      0.83748 |     0.91502 |           180 |  0.32174 |          0.00572 |
|                dynamics.solver |      15.5544 |      15.67837 |      15.9006 |      1.9766 |      2.73737 |     2.91029 |           720 |  1.05163 |          0.02178 |
|             dynamics.transport |      49.8497 |      50.20936 |      52.2164 |     3.11463 |      3.50822 |     3.72695 |           360 |  1.34777 |          0.13947 |
|  dynamics.transport_predictors |        2.068 |       2.15203 |      2.25745 |     0.07901 |      0.11026 |     0.13073 |           180 |  0.04236 |          0.01196 |
|                       electric |      0.28159 |       0.31646 |      0.35905 |      0.1166 |      0.14143 |     0.18399 |           180 |  0.05434 |          0.00176 |
|                   fast_physics |      32.9447 |      33.36447 |      34.0602 |     0.69799 |       0.8209 |      1.0634 |           360 |  0.31537 |          0.09268 |
|                field.halo_ex_1 |      18.5718 |      31.80651 |      50.9002 |     10.0267 |     23.19959 |     41.8797 |         46335 |  8.91268 |          0.00069 |
|                field.halo_ex_2 |      0.54616 |       0.92034 |      2.32711 |     0.36333 |      0.71983 |     1.98555 |          1986 |  0.27654 |          0.00046 |
|                field.halo_ex_6 |      0.40971 |       0.44297 |      0.50145 |     0.09409 |      0.12797 |     0.18484 |           255 |  0.04916 |          0.00174 |
|                field.halo_ex_7 |      1.79858 |        2.1819 |      3.14366 |     1.48123 |      1.86197 |     2.82794 |          4849 |  0.71532 |          0.00045 |
|                field.halo_ex_8 |      4.48742 |       5.51538 |      7.05824 |     4.23964 |      5.26921 |     6.82176 |         11894 |  2.02429 |          0.00046 |
|               field.initialise |      0.55666 |       0.65336 |      0.79725 |     0.55666 |      0.65336 |     0.79725 |        379328 |    0.251 |              0.0 |
|                     field.read |      27.9147 |      28.31251 |      28.4345 |       2e-05 |        3e-05 |     0.00013 |            62 |    1e-05 |          0.45665 |
|                    field.write |      0.44278 |       0.75908 |      0.92954 |     0.09959 |      0.11858 |     0.13467 |         37951 |  0.04555 |            2e-05 |
|                 fs.constructor |      0.03343 |       0.04652 |      0.05182 |     0.03343 |      0.04652 |     0.05182 |            71 |  0.01787 |          0.00066 |
|      gungho_diagnostics_driver |      9.17013 |       9.56222 |      9.78335 |     7.21584 |      8.95882 |     9.18594 |           181 |  3.44174 |          0.05283 |
|         gungho_driver.finalise |      0.46765 |       0.46782 |      0.46803 |     0.02239 |      0.02903 |     0.03238 |             1 |  0.01115 |          0.46782 |
|   gungho_driver.first_timestep |       13.148 |      13.24297 |      13.4211 |       4e-05 |      0.00011 |      0.0002 |             1 |    4e-05 |         13.24297 |
|       gungho_driver.initialise |      40.8026 |      40.98168 |      41.0771 |     2.18496 |      2.34046 |     2.55029 |             1 |  0.89914 |         40.98168 |
|        gungho_driver.mesh_init |      0.91484 |       0.94002 |      0.95333 |     0.91484 |      0.94002 |     0.95333 |             1 |  0.36113 |          0.94002 |
|         gungho_driver.timestep |      204.874 |     204.88947 |      204.915 |     0.00184 |      0.00264 |      0.0036 |           179 |  0.00101 |          1.14463 |
|                gungho_timestep |      206.978 |     207.21389 |      208.072 |     0.01521 |        0.023 |     0.02862 |           180 |  0.00883 |          1.15119 |
|          halo_routing_creation |      9.44449 |       9.66064 |      10.3267 |     9.44449 |      9.66064 |     10.3267 |         65319 |  3.71137 |          0.00015 |
|                      init_lbcs |      0.12863 |       0.20002 |      0.31278 |     0.03371 |      0.05052 |     0.12804 |             1 |  0.01941 |          0.20002 |
|                 jules.explicit |      0.35434 |       0.92714 |      2.24362 |     0.34762 |      0.91961 |     2.23585 |           180 |  0.35329 |          0.00515 |
|                    jules.extra |      0.02839 |       0.33916 |      1.04698 |       0.017 |      0.32628 |     1.03392 |           180 |  0.12535 |          0.00188 |
|                 jules.implicit |      0.49681 |       1.17783 |       2.3668 |     0.48736 |      1.16573 |     2.35376 |           720 |  0.44784 |          0.00164 |
|                jules.radiation |      0.18135 |       0.22918 |       0.3364 |     0.16515 |       0.2093 |     0.30386 |           180 |  0.08041 |          0.00127 |
|                   leonard_term |      0.54675 |       1.16006 |      2.60032 |     0.27853 |      0.35062 |     0.43315 |           180 |   0.1347 |          0.00644 |
|    lfric_xios.finalise_context |      0.43543 |       0.43879 |      0.44542 |       1e-05 |        8e-05 |     0.00012 |             1 |    3e-05 |          0.43879 |
|        lfric_xios.init_context |      0.13343 |       0.31706 |      0.35976 |     0.11661 |      0.29947 |     0.34183 |             1 |  0.11505 |          0.31706 |
|           lfric_xios.read_fldg |      27.9146 |      28.31245 |      28.4344 |     27.8592 |     28.25094 |      28.293 |            62 | 10.85327 |          0.45665 |
|          lfric_xios.write_fldg |      0.34309 |       0.64037 |      0.81299 |     0.34309 |      0.64037 |     0.81299 |           211 |  0.24601 |          0.00303 |
|              locate_tropopause |      0.02198 |       0.02646 |      0.03518 |     0.02124 |      0.02547 |     0.03381 |           180 |  0.00979 |          0.00015 |
|    mappings.map_physics_fields |      6.29844 |       9.87484 |      12.9003 |      6.1177 |      8.48374 |     11.6106 |           181 |  3.25923 |          0.05456 |
|              mappings.set_wind |       6.7863 |       7.10941 |      10.1037 |     0.14669 |      0.33109 |     0.45119 |           180 |   0.1272 |           0.0395 |
|         mass_matrix_solver_alg |      5.91854 |       6.63259 |      8.25031 |     3.81352 |      4.70761 |     5.23793 |          1082 |  1.80854 |          0.00613 |
|             microphysics.casim |       18.888 |      25.06305 |      30.8568 |     18.8733 |     25.04846 |     30.8443 |           180 |  9.62297 |          0.13924 |
|    microphysics.casim_activate |      0.01649 |       0.02534 |      0.03295 |     0.01517 |       0.0239 |     0.03141 |           181 |  0.00918 |          0.00014 |
|      mixed_solver.schur_precon |        12.06 |      12.30653 |      12.6973 |     0.00352 |      0.00513 |     0.00706 |           720 |  0.00197 |          0.01709 |
|  pressure_solver.helmholtz_lhs |      6.42965 |       6.70046 |      7.99391 |     4.65144 |      5.40103 |     5.57972 |         19440 |  2.07493 |          0.00034 |
|           radiation.illuminate |      0.10649 |       0.12344 |       0.1707 |     0.10649 |      0.12344 |      0.1707 |           180 |  0.04742 |          0.00069 |
|                   radiation.lw |      2.01958 |        3.0201 |      3.33494 |     2.01958 |       3.0201 |     3.33494 |           180 |  1.16024 |          0.01678 |
|                   radiation.sw |      0.02508 |         0.036 |      0.04923 |     0.02508 |        0.036 |     0.04923 |           180 |  0.01383 |           0.0002 |
|       runtime_constants.dycore |      1.20194 |       1.57991 |      1.67866 |     1.20193 |       1.5799 |     1.67865 |            13 |  0.60696 |          0.12153 |
|          runtime_constants.fem |      0.97287 |       1.08333 |      1.26706 |     0.64563 |      0.85845 |     0.89411 |            31 |   0.3298 |          0.03495 |
|    runtime_constants.geometric |      0.49678 |       0.54571 |      0.67377 |     0.21259 |      0.28653 |     0.29783 |            26 |  0.11008 |          0.02099 |
| runtime_constants.limited_area |      0.03348 |       0.04444 |      0.06155 |     0.00433 |      0.01122 |     0.01739 |            15 |  0.00431 |          0.00296 |
|      runtime_constants.mapping |      0.07276 |       0.09367 |      0.10734 |     0.07276 |      0.09367 |     0.10734 |             1 |  0.03598 |          0.09367 |
|      runtime_constants.physics |      0.56779 |          0.57 |      0.57133 |     0.00182 |      0.00475 |     0.00687 |             1 |  0.00182 |             0.57 |
|       runtime_constants.solver |      0.00141 |       0.00192 |      0.00265 |      0.0014 |      0.00191 |     0.00263 |            16 |  0.00073 |          0.00012 |
|    runtime_constants.transport |       0.0022 |       0.00296 |      0.00643 |     0.00218 |      0.00294 |     0.00638 |             4 |  0.00113 |          0.00074 |
|          schur_precon.back_sub |        1.338 |       1.42672 |      1.48629 |     0.75983 |      1.01059 |     1.07525 |           720 |  0.38824 |          0.00198 |
|   schur_precon.pressure_solver |      9.14451 |        9.4305 |      10.3008 |     2.27542 |      2.71588 |     2.80211 |           720 |  1.04337 |           0.0131 |
|               schur_precon.rhs |      1.02077 |       1.44022 |      1.53373 |     1.01605 |      1.43363 |     1.52692 |           720 |  0.55076 |            0.002 |
|         semi_implicit_timestep |      206.955 |     207.19041 |      208.057 |     4.87218 |      6.28804 |     6.63127 |           180 |   2.4157 |          1.15106 |
|                   slow_physics |      53.6768 |      53.72915 |      53.8944 |     0.63561 |      1.02138 |     2.25276 |           180 |  0.39239 |           0.2985 |
|                    smagorinsky |      3.59273 |       6.11925 |      10.3041 |      1.6688 |      2.15455 |     2.51939 |           360 |  0.82772 |            0.017 |
|            solver.mixed_solver |      12.5766 |      12.76183 |      13.0463 |     0.29925 |      0.43782 |     0.51349 |           720 |   0.1682 |          0.01772 |
|              stoch_phys.blpert |       0.1035 |       3.73237 |      10.7764 |     0.05432 |      0.06866 |     0.08453 |           360 |  0.02638 |          0.01037 |
|      transport.controller_init |      1.90418 |       2.10359 |       2.6938 |      1.0091 |      1.20454 |     2.00162 |           360 |  0.46275 |          0.00584 |
|      transport.ffsl_horizontal |      11.6081 |      11.96864 |      12.4248 |     6.16835 |      7.35023 |     8.74408 |          2340 |  2.82377 |          0.00511 |
|        transport.ffsl_vertical |      3.89433 |       4.36789 |       4.5666 |     3.37806 |      3.77377 |     3.97918 |          7200 |  1.44978 |          0.00061 |
|         transport.flux_precomp |      2.34088 |       2.73157 |      2.88591 |     0.88863 |      1.08794 |     1.13419 |          8460 |  0.41796 |          0.00032 |
|    transport.flux_precomp_init |      0.44243 |       0.59331 |      0.63482 |     0.43035 |      0.58052 |     0.62248 |          3244 |  0.22302 |          0.00018 |
|         transport.hori_dep_pts |      1.40036 |       1.62015 |       1.7589 |     0.68641 |      0.87448 |     0.94118 |          1080 |  0.33595 |           0.0015 |
|        transport.sl_horizontal |      8.15719 |       8.43246 |      8.76455 |     3.37205 |      4.10049 |     4.21208 |          2700 |   1.5753 |          0.00312 |
|          transport.sl_vertical |      5.66639 |       5.82967 |      6.14514 |     1.21115 |      1.57968 |     1.73846 |          2880 |  0.60687 |          0.00202 |
|                 transport.wind |      17.5755 |      17.93223 |      18.2873 |     4.51638 |      5.81906 |     6.25723 |           360 |  2.23553 |          0.04981 |
|         transport.wind_precomp |      2.77835 |       3.00908 |      4.00937 |     1.81459 |      2.15572 |     2.23712 |          2160 |  0.82817 |          0.00139 |
|   transport.wind_precomp_final |      6.70698 |       7.01941 |      9.06675 |     6.70698 |      7.01941 |     9.06675 |          2160 |  2.69667 |          0.00325 |
|    transport.wind_precomp_init |      0.60054 |       0.84647 |      0.92123 |     0.58819 |      0.83342 |     0.90826 |           360 |  0.32018 |          0.00235 |
|                    update_lbcs |      1.17475 |       1.51063 |      1.62051 |     1.09448 |      1.43532 |      1.5452 |           180 |  0.55141 |          0.00839 |
|  xios.close_context_definition |      7.73964 |       7.77553 |      8.16578 |     7.73964 |      7.77553 |     8.16578 |             1 |  2.98715 |          7.77553 |
|          xios.context_finalize |      0.43531 |       0.43871 |      0.44534 |     0.43531 |      0.43871 |     0.44534 |             1 |  0.16854 |          0.43871 |
|           xios.update_calendar |      0.68966 |       0.71264 |      0.75196 |     0.68966 |      0.71264 |     0.75196 |           182 |  0.27378 |          0.00392 |