|                        Routine | Total Min(s) | Total Mean(s) | Total Max(s) | Self Min(s) | Self Mean(s) | Self Max(s) | Max no. calls |   % time | Time per call(s) |
|                  __lfric_atm__ |      234.546 |     234.54686 |      234.548 |     0.00308 |      0.00574 |     0.00835 |             1 |  0.00245 |        234.54686 |
|                      __setup__ |      40.0714 |      40.22572 |      40.3493 |       6e-05 |      0.00103 |     0.00275 |             1 |  0.00044 |         40.22572 |
|                    __vernier__ |      0.22706 |       0.27475 |      0.29628 |     0.22706 |      0.27475 |     0.29628 |        621531 |  0.11714 |              0.0 |
|            aerosol.glomap_clim |      2.23596 |       2.73843 |      2.89848 |     2.23561 |      2.73802 |     2.89814 |           180 |  1.16737 |          0.01521 |
|                 aerosol.radaer |      0.53865 |       0.69958 |      0.84414 |     0.53839 |      0.69918 |     0.84376 |             3 |   0.2981 |          0.23319 |
|           aerosol.stratosphere |      0.00382 |       0.00899 |      0.02408 |     0.00382 |      0.00899 |     0.02408 |           180 |  0.00383 |            5e-05 |
|                    bl.explicit |      3.57808 |       7.72949 |      11.9049 |     2.59845 |      3.75572 |     4.48723 |           360 |  1.60127 |          0.02147 |
|                    bl.implicit |      14.7156 |      17.97584 |      21.3346 |     13.6291 |     16.80006 |     20.5869 |           360 |  7.16278 |          0.04993 |
|                          cloud |      1.54782 |       3.15925 |      5.21656 |      1.5337 |      3.14476 |     5.20218 |           180 |  1.34078 |          0.01755 |
|                   cloud.bm_tau |      0.57335 |       0.77427 |      0.91891 |     0.57335 |      0.77427 |     0.91891 |           180 |  0.33011 |           0.0043 |
|                   diags.bl_exp |      0.02858 |       0.03681 |       0.0434 |     0.00445 |      0.00631 |     0.00992 |           360 |  0.00269 |           0.0001 |
|                   diags.bl_imp |      0.07383 |       0.09327 |      0.10448 |     0.05302 |      0.06556 |      0.0733 |           540 |  0.02795 |          0.00017 |
|                   diags.blpert |      0.00444 |       0.00545 |      0.00808 |       5e-05 |        5e-05 |       8e-05 |           360 |    2e-05 |            2e-05 |
|                    diags.casim |       0.0294 |       0.03519 |      0.04362 |     0.01193 |      0.01675 |     0.02158 |           360 |  0.00714 |           0.0001 |
|                    diags.cloud |      0.05409 |       0.06464 |       0.0753 |     0.04836 |      0.05505 |     0.06125 |           360 |  0.02347 |          0.00018 |
|                 diags.dynamics |      0.02881 |       0.03241 |      0.03941 |     0.02725 |      0.03075 |     0.03728 |           180 |  0.01311 |          0.00018 |
|                 diags.electric |      0.00869 |       0.01086 |      0.01447 |     0.00739 |      0.00906 |     0.01169 |           360 |  0.00386 |            3e-05 |
|              diags.glomap_clim |      0.01888 |        0.0254 |      0.03419 |     0.00041 |      0.00071 |     0.00163 |           180 |   0.0003 |          0.00014 |
|               diags.illuminate |      0.00409 |       0.00588 |      0.01193 |       6e-05 |      0.00012 |     0.00063 |           180 |    5e-05 |            3e-05 |
|                diags.jules_exp |       0.1592 |       0.41729 |       0.7226 |     0.00564 |      0.00705 |     0.00895 |           360 |  0.00301 |          0.00116 |
|                diags.jules_imp |      0.02116 |       0.02979 |      0.04242 |     0.00761 |      0.01047 |     0.01448 |           360 |  0.00447 |            8e-05 |
|             diags.jules_seaice |      0.00326 |       0.00513 |       0.0093 |     0.00081 |      0.00133 |     0.00359 |           180 |  0.00057 |            3e-05 |
|               diags.jules_snow |      0.00827 |       0.01071 |      0.01691 |     0.00348 |      0.00466 |     0.00725 |           360 |  0.00198 |            3e-05 |
|               diags.jules_soil |      0.01359 |       0.02067 |      0.03791 |     0.00667 |      0.00808 |     0.00968 |           360 |  0.00345 |            6e-05 |
|        diags.locate_tropopause |       0.0017 |       0.00246 |      0.00338 |       1e-05 |        2e-05 |       3e-05 |           180 |    1e-05 |            1e-05 |
|             diags.microphysics |      0.01739 |       0.02191 |      0.03036 |      0.0001 |      0.00017 |     0.00049 |           180 |    7e-05 |          0.00012 |
|                     diags.pmsl |      0.08304 |        0.0877 |      0.09666 |     0.03713 |      0.05798 |     0.06779 |           180 |  0.02472 |          0.00049 |
|             diags.pressure_lev |      0.02083 |       0.02636 |      0.02839 |     0.02008 |       0.0254 |     0.02755 |           180 |  0.01083 |          0.00015 |
|                   diags.radaer |      0.00027 |       0.00045 |      0.00116 |     0.00026 |      0.00043 |     0.00114 |             9 |  0.00019 |            5e-05 |
|                diags.radiation |      0.22513 |       0.39757 |      0.72332 |     0.10529 |      0.12657 |      0.1505 |           360 |  0.05396 |           0.0011 |
|              diags.smagorinsky |      0.00729 |       0.00964 |      0.01367 |       7e-05 |      0.00012 |     0.00027 |           360 |    5e-05 |            3e-05 |
|  dynamics.compute_si_operators |      15.9786 |      16.14997 |      17.0111 |     9.36648 |     12.91898 |     13.6622 |           180 |  5.50806 |          0.08972 |
|       dynamics.phys_predictors |      3.87747 |       4.97395 |      6.55288 |     0.26952 |      0.39975 |     0.49594 |           360 |  0.17043 |          0.01382 |
|               dynamics.rhs_alg |      7.50414 |       8.87326 |      10.6671 |     4.96673 |      6.64389 |     7.28226 |           900 |  2.83265 |          0.00986 |
|               dynamics.rhs_lbc |      0.96095 |       1.05918 |      1.16793 |     0.59016 |      0.86015 |     0.95684 |           180 |  0.36673 |          0.00588 |
|                dynamics.solver |      15.5317 |      15.75988 |      16.2047 |     1.91639 |      2.72592 |     2.98038 |           720 |  1.16221 |          0.02189 |
|             dynamics.transport |      50.0576 |      50.88966 |      53.3779 |     3.07075 |      3.51778 |     3.91037 |           360 |  1.49982 |          0.14136 |
|  dynamics.transport_predictors |      2.12707 |       2.24246 |      2.36062 |     0.08131 |      0.11401 |     0.13592 |           180 |  0.04861 |          0.01246 |
|                       electric |      0.25797 |       0.29742 |      0.35241 |     0.11041 |      0.14175 |     0.19312 |           180 |  0.06044 |          0.00165 |
|                   fast_physics |      26.1493 |      26.76338 |      27.8002 |     0.75454 |      0.97519 |     1.97643 |           360 |  0.41577 |          0.07434 |
|                field.halo_ex_1 |      15.1177 |      23.29064 |      47.8057 |     9.97027 |     18.04687 |     42.0812 |         46335 |  7.69436 |           0.0005 |
|                field.halo_ex_2 |      0.49018 |       0.90668 |       2.8293 |     0.34491 |      0.69587 |     2.48632 |          1986 |  0.29669 |          0.00046 |
|                field.halo_ex_6 |      0.37355 |        0.4075 |      0.47618 |     0.08816 |      0.12263 |     0.18634 |           255 |  0.05229 |           0.0016 |
|                field.halo_ex_7 |      1.66546 |       2.11583 |      3.20945 |     1.35903 |      1.81107 |     2.90916 |          4849 |  0.77216 |          0.00044 |
|                field.halo_ex_8 |      3.73005 |       5.20151 |      7.19224 |     3.50658 |       4.9714 |      6.9781 |         11894 |  2.11958 |          0.00044 |
|               field.initialise |      0.59459 |       0.70928 |      0.88882 |     0.59459 |      0.70928 |     0.88882 |        379316 |  0.30241 |              0.0 |
|                     field.read |      28.5257 |       28.7711 |      28.8867 |       2e-05 |        6e-05 |      0.0005 |            62 |    3e-05 |          0.46405 |
|                    field.write |      0.60443 |       0.94934 |      1.16787 |     0.09949 |      0.12499 |     0.14704 |         37951 |  0.05329 |            3e-05 |
|                 fs.constructor |      0.02113 |        0.0323 |       0.0396 |     0.02113 |       0.0323 |      0.0396 |            71 |  0.01377 |          0.00045 |
|      gungho_diagnostics_driver |      9.13501 |        9.5748 |       9.7951 |     7.30778 |      9.03578 |     9.30783 |           181 |  3.85244 |           0.0529 |
|         gungho_driver.finalise |      0.52089 |       0.52117 |      0.52159 |     0.01972 |      0.02286 |     0.02456 |             1 |  0.00975 |          0.52117 |
|   gungho_driver.first_timestep |      9.57075 |       9.69207 |      9.84432 |       3e-05 |       0.0001 |     0.00039 |             1 |    4e-05 |          9.69207 |
|       gungho_driver.initialise |      40.0694 |      40.22469 |      40.3493 |     1.45593 |      1.70047 |     1.95037 |             1 |    0.725 |         40.22469 |
|        gungho_driver.mesh_init |      0.94428 |       0.97875 |      0.98971 |     0.94428 |      0.97875 |     0.98971 |             1 |  0.41729 |          0.97875 |
|         gungho_driver.timestep |      183.355 |     183.40152 |      183.426 |     0.00189 |      0.00269 |     0.00363 |           179 |  0.00115 |          1.02459 |
|                gungho_timestep |      181.967 |     182.26086 |      183.161 |     0.01667 |      0.02319 |     0.02774 |           180 |  0.00989 |          1.01256 |
|          halo_routing_creation |      5.99549 |       6.24354 |      6.96654 |     5.99549 |      6.24354 |     6.96654 |         65319 |  2.66196 |           0.0001 |
|                      init_lbcs |      0.10691 |       0.15033 |      0.27587 |     0.01899 |      0.03603 |     0.13009 |             1 |  0.01536 |          0.15033 |
|                 jules.explicit |      0.32276 |       0.85746 |      2.01239 |     0.31588 |      0.84902 |     2.00254 |           180 |  0.36198 |          0.00476 |
|                    jules.extra |      0.02666 |       0.29324 |      0.93428 |     0.01553 |      0.27967 |     0.91618 |           180 |  0.11924 |          0.00163 |
|                 jules.implicit |      0.45588 |       1.04057 |      2.09094 |     0.44664 |      1.02801 |     2.07606 |           720 |   0.4383 |          0.00145 |
|                jules.radiation |      0.14334 |       0.20537 |      0.30961 |     0.13268 |      0.18523 |     0.26868 |           180 |  0.07897 |          0.00114 |
|                   leonard_term |      0.50557 |       1.00729 |      3.92351 |     0.24326 |      0.33452 |      0.4145 |           180 |  0.14263 |           0.0056 |
|    lfric_xios.finalise_context |      0.49647 |        0.4983 |      0.50139 |       1e-05 |        7e-05 |     0.00012 |             1 |    3e-05 |           0.4983 |
|        lfric_xios.init_context |      0.12327 |       0.19953 |      0.31978 |     0.10775 |       0.1816 |     0.30496 |             1 |  0.07743 |          0.19953 |
|           lfric_xios.read_fldg |      28.5257 |      28.77102 |      28.8866 |     28.4913 |     28.63852 |     28.6697 |            62 | 12.21015 |          0.46405 |
|          lfric_xios.write_fldg |      0.50038 |       0.82422 |      1.04341 |     0.50038 |      0.82422 |     1.04341 |           211 |  0.35141 |          0.00391 |
|              locate_tropopause |      0.02229 |       0.02761 |      0.03564 |     0.02147 |      0.02657 |     0.03419 |           180 |  0.01133 |          0.00015 |
|    mappings.map_physics_fields |       6.8484 |       8.90595 |      10.5661 |     6.65096 |      8.14216 |     10.0182 |           181 |  3.47144 |           0.0492 |
|              mappings.set_wind |      3.31546 |       3.64285 |      5.07325 |     0.10343 |      0.25254 |     0.35755 |           180 |  0.10767 |          0.02024 |
|         mass_matrix_solver_alg |       5.6739 |       6.82751 |      8.52239 |      3.9016 |      4.87299 |     5.38277 |          1082 |  2.07762 |          0.00631 |
|             microphysics.casim |      10.1935 |      13.64133 |      17.0333 |     10.1797 |      13.6267 |     17.0197 |           180 |   5.8098 |          0.07579 |
|    microphysics.casim_activate |      0.01392 |       0.02468 |      0.03505 |     0.01243 |      0.02317 |      0.0333 |           181 |  0.00988 |          0.00014 |
|      mixed_solver.schur_precon |      11.9714 |      12.36675 |      12.8521 |     0.00391 |      0.00507 |     0.00681 |           720 |  0.00216 |          0.01718 |
|  pressure_solver.helmholtz_lhs |      6.47803 |       6.81373 |      8.22968 |     4.62552 |      5.57038 |     5.76207 |         19440 |  2.37496 |          0.00035 |
|           radiation.illuminate |      0.08929 |       0.11618 |      0.20152 |     0.08929 |      0.11618 |     0.20152 |           180 |  0.04953 |          0.00065 |
|                   radiation.lw |      1.79387 |       2.73468 |      3.07732 |     1.79387 |      2.73468 |     3.07732 |           180 |  1.16594 |          0.01519 |
|                   radiation.sw |      0.01542 |       0.02937 |      0.04743 |     0.01542 |      0.02937 |     0.04743 |           180 |  0.01252 |          0.00016 |
|       runtime_constants.dycore |      1.21332 |       1.64338 |       1.7033 |     1.21332 |      1.64337 |     1.70328 |            13 |  0.70066 |          0.12641 |
|          runtime_constants.fem |      1.01144 |       1.14462 |       1.2983 |     0.65915 |      0.89618 |     0.92863 |            31 |  0.38209 |          0.03692 |
|    runtime_constants.geometric |      0.48423 |       0.52998 |       0.7309 |     0.21426 |      0.29712 |     0.31145 |            26 |  0.12668 |          0.02038 |
| runtime_constants.limited_area |      0.03764 |       0.05447 |      0.06543 |     0.00321 |      0.00772 |      0.0113 |            15 |  0.00329 |          0.00363 |
|      runtime_constants.mapping |      0.07263 |       0.09644 |      0.10594 |     0.07263 |      0.09644 |     0.10594 |             1 |  0.04112 |          0.09644 |
|      runtime_constants.physics |      0.51232 |       0.51631 |      0.51975 |     0.00114 |      0.00484 |     0.00741 |             1 |  0.00206 |          0.51631 |
|       runtime_constants.solver |      0.00109 |       0.00152 |      0.00218 |     0.00108 |      0.00151 |     0.00217 |            16 |  0.00064 |           0.0001 |
|    runtime_constants.transport |      0.00209 |       0.00321 |      0.00529 |     0.00207 |      0.00318 |     0.00527 |             4 |  0.00136 |           0.0008 |
|          schur_precon.back_sub |      1.24848 |       1.38149 |      1.48287 |     0.75678 |      1.01558 |     1.17604 |           720 |    0.433 |          0.00192 |
|   schur_precon.pressure_solver |      9.22444 |       9.55139 |      10.5248 |     2.25476 |       2.7238 |     2.79438 |           720 |   1.1613 |          0.01327 |
|               schur_precon.rhs |      0.96511 |       1.42414 |       1.5316 |     0.95771 |      1.41705 |     1.52494 |           720 |  0.60417 |          0.00198 |
|         semi_implicit_timestep |      181.947 |     182.23699 |      183.143 |     4.68997 |      6.25114 |     6.60677 |           180 |   2.6652 |          1.01243 |
|                   slow_physics |      36.6283 |      36.70226 |      36.8981 |     0.75466 |       1.2784 |     2.00811 |           180 |  0.54505 |           0.2039 |
|                    smagorinsky |      3.52846 |       5.19686 |      8.41381 |     1.36447 |      1.97483 |     2.44322 |           360 |  0.84198 |          0.01444 |
|            solver.mixed_solver |      12.5678 |      12.83021 |      13.1404 |     0.26897 |      0.44186 |      0.5656 |           720 |  0.18839 |          0.01782 |
|              stoch_phys.blpert |      0.14025 |       2.24501 |      6.72658 |     0.04833 |      0.06082 |     0.08207 |           360 |  0.02593 |          0.00624 |
|      transport.controller_init |      2.01761 |       2.22441 |       2.9365 |     1.09363 |      1.30749 |     2.22211 |           360 |  0.55745 |          0.00618 |
|      transport.ffsl_horizontal |       11.617 |      12.05554 |      12.6017 |     6.10538 |      7.46426 |     9.32492 |          2340 |  3.18242 |          0.00515 |
|        transport.ffsl_vertical |      3.87491 |       4.48583 |      4.81853 |     3.38108 |      3.89672 |     4.23178 |          7200 |  1.66138 |          0.00062 |
|         transport.flux_precomp |        2.312 |       2.67324 |      2.89354 |     0.86805 |      1.07718 |     1.13535 |          8460 |  0.45926 |          0.00032 |
|    transport.flux_precomp_init |      0.43484 |       0.60212 |      0.64244 |     0.42043 |      0.58816 |     0.62917 |          3244 |  0.25076 |          0.00019 |
|         transport.hori_dep_pts |      1.26535 |       1.57107 |      1.75267 |     0.68346 |        0.877 |     0.96678 |          1080 |  0.37391 |          0.00145 |
|        transport.sl_horizontal |      7.76416 |       8.13806 |      8.58507 |     3.29288 |       4.1792 |      4.4248 |          2700 |  1.78182 |          0.00301 |
|          transport.sl_vertical |      5.47324 |       5.64483 |       5.9934 |     1.08527 |      1.53542 |     1.85721 |          2880 |  0.65463 |          0.00196 |
|                 transport.wind |      17.3231 |      17.83924 |      18.1716 |     4.52702 |      6.06066 |     6.42425 |           360 |  2.58399 |          0.04955 |
|         transport.wind_precomp |      2.66346 |       2.86929 |      3.93715 |     1.72145 |      2.09668 |     2.21927 |          2160 |  0.89393 |          0.00133 |
|   transport.wind_precomp_final |      6.67125 |       7.57921 |         10.2 |     6.67125 |      7.57921 |        10.2 |          2160 |  3.23143 |          0.00351 |
|    transport.wind_precomp_init |      0.55799 |       0.84644 |      0.92849 |     0.54455 |      0.83293 |      0.9154 |           360 |  0.35512 |          0.00235 |
|                    update_lbcs |      1.02657 |       1.40433 |      1.50879 |     0.94343 |      1.32252 |     1.42455 |           180 |  0.56386 |           0.0078 |
|  xios.close_context_definition |       7.1818 |       7.21004 |      7.35604 |      7.1818 |      7.21004 |     7.35604 |             1 |  3.07403 |          7.21004 |
|          xios.context_finalize |       0.4964 |       0.49823 |      0.50132 |      0.4964 |      0.49823 |     0.50132 |             1 |  0.21242 |          0.49823 |
|           xios.update_calendar |      0.68235 |       0.70218 |      0.76823 |     0.68235 |      0.70218 |     0.76823 |           182 |  0.29938 |          0.00386 |