|                        Routine | Total Min(s) | Total Mean(s) | Total Max(s) | Self Min(s) | Self Mean(s) | Self Max(s) | Max no. calls |   % time | Time per call(s) |
|                  __lfric_atm__ |      221.913 |     221.91558 |      221.919 |     0.00341 |      0.00927 |      0.0159 |             1 |  0.00418 |        221.91558 |
|                      __setup__ |      34.9796 |      35.11353 |      35.2523 |       8e-05 |      0.00288 |     0.00711 |             1 |   0.0013 |         35.11353 |
|                    __vernier__ |      0.25384 |       0.29421 |      0.32225 |     0.25384 |      0.29421 |     0.32225 |        622199 |  0.13258 |              0.0 |
|            aerosol.glomap_clim |      2.21777 |       2.72945 |      2.84622 |     2.21746 |      2.72907 |     2.84582 |           180 |  1.22978 |          0.01516 |
|                 aerosol.radaer |      0.54046 |       0.69547 |      0.79189 |     0.54018 |      0.69499 |     0.79157 |             3 |  0.31318 |          0.23182 |
|           aerosol.stratosphere |      0.00519 |       0.01051 |      0.02003 |     0.00519 |      0.01051 |     0.02003 |           180 |  0.00473 |            6e-05 |
|                    bl.explicit |      3.82601 |       7.01414 |      11.0053 |     2.64073 |      3.86597 |     4.57534 |           360 |  1.74209 |          0.01948 |
|                    bl.implicit |      12.1503 |      15.83908 |      17.9818 |     11.5179 |     14.76694 |     16.8944 |           360 |  6.65431 |            0.044 |
|                          cloud |      1.30341 |       2.15433 |       3.2249 |     1.28986 |      2.13906 |     3.20907 |           180 |  0.96391 |          0.01197 |
|                   cloud.bm_tau |      0.46104 |       0.73865 |      0.87144 |     0.46104 |      0.73865 |     0.87144 |           180 |  0.33285 |           0.0041 |
|                   diags.bl_exp |      0.02272 |       0.03383 |      0.04213 |     0.00464 |      0.00699 |     0.01053 |           360 |  0.00315 |            9e-05 |
|                   diags.bl_imp |      0.07404 |       0.09186 |      0.10696 |     0.05424 |      0.06978 |     0.07873 |           540 |  0.03145 |          0.00017 |
|                   diags.blpert |      0.00446 |        0.0058 |      0.00757 |       4e-05 |        6e-05 |       7e-05 |           360 |    3e-05 |            2e-05 |
|                    diags.casim |      0.02856 |       0.03528 |      0.04428 |     0.01286 |      0.01759 |     0.02264 |           360 |  0.00793 |           0.0001 |
|                    diags.cloud |      0.05824 |       0.07639 |      0.08995 |     0.04806 |      0.05855 |     0.06461 |           360 |  0.02638 |          0.00021 |
|                 diags.dynamics |      0.02956 |       0.03602 |      0.04231 |     0.02809 |      0.03425 |     0.04017 |           180 |  0.01544 |           0.0002 |
|                 diags.electric |      0.00874 |       0.01317 |      0.01885 |     0.00747 |      0.01096 |     0.01505 |           360 |  0.00494 |            4e-05 |
|              diags.glomap_clim |      0.01878 |       0.02703 |      0.03646 |     0.00042 |      0.00076 |     0.00244 |           180 |  0.00034 |          0.00015 |
|               diags.illuminate |       0.0042 |       0.00604 |      0.00948 |       6e-05 |      0.00012 |      0.0004 |           180 |    5e-05 |            3e-05 |
|                diags.jules_exp |      0.12445 |       0.43422 |      0.74865 |     0.00613 |      0.00813 |     0.01064 |           360 |  0.00366 |          0.00121 |
|                diags.jules_imp |      0.01933 |       0.02978 |      0.04031 |     0.00787 |      0.01115 |     0.01423 |           360 |  0.00502 |            8e-05 |
|             diags.jules_seaice |      0.00326 |       0.00537 |      0.00868 |     0.00075 |      0.00137 |     0.00398 |           180 |  0.00062 |            3e-05 |
|               diags.jules_snow |      0.00741 |       0.01074 |      0.01816 |     0.00375 |      0.00474 |     0.00588 |           360 |  0.00214 |            3e-05 |
|               diags.jules_soil |      0.01209 |       0.03127 |      0.05446 |      0.0068 |      0.00871 |     0.01044 |           360 |  0.00393 |            9e-05 |
|        diags.locate_tropopause |      0.00185 |       0.00254 |      0.00327 |       1e-05 |        2e-05 |       4e-05 |           180 |    1e-05 |            1e-05 |
|             diags.microphysics |      0.01612 |       0.02086 |      0.02762 |       9e-05 |      0.00015 |     0.00057 |           180 |    7e-05 |          0.00012 |
|                     diags.pmsl |      0.10614 |        0.1117 |      0.12107 |     0.03531 |        0.065 |     0.09194 |           180 |  0.02929 |          0.00062 |
|             diags.pressure_lev |      0.02106 |       0.02806 |      0.04459 |     0.02029 |      0.02711 |     0.04327 |           180 |  0.01222 |          0.00016 |
|                   diags.radaer |      0.00028 |       0.00069 |      0.00209 |     0.00026 |      0.00067 |     0.00208 |             9 |   0.0003 |            8e-05 |
|                diags.radiation |      0.28673 |       0.43809 |      0.81899 |     0.10813 |      0.14532 |     0.16855 |           360 |  0.06549 |          0.00122 |
|              diags.smagorinsky |      0.00726 |       0.01105 |      0.01431 |       7e-05 |      0.00013 |     0.00032 |           360 |    6e-05 |            3e-05 |
|  dynamics.compute_si_operators |       16.872 |      17.34341 |      18.5587 |     9.22971 |     13.72105 |     14.3783 |           180 |    6.183 |          0.09635 |
|       dynamics.phys_predictors |      3.81898 |       5.22323 |      7.19342 |     0.24804 |      0.36696 |     0.48371 |           360 |  0.16536 |          0.01451 |
|               dynamics.rhs_alg |      7.67419 |       9.23579 |      11.5318 |     4.78271 |      6.95508 |     7.71127 |           900 |  3.13411 |          0.01026 |
|               dynamics.rhs_lbc |      0.92952 |       1.11124 |      1.22328 |     0.50462 |      0.90125 |     1.01057 |           180 |  0.40612 |          0.00617 |
|                dynamics.solver |      15.7457 |        15.961 |      16.6489 |     1.79766 |      2.80571 |     3.27364 |           720 |  1.26432 |          0.02217 |
|             dynamics.transport |      51.4826 |      53.61777 |      56.4238 |     3.08434 |      3.59841 |      3.9625 |           360 |  1.62152 |          0.14894 |
|  dynamics.transport_predictors |      2.31505 |       2.45583 |      2.58823 |     0.08482 |      0.12914 |     0.15658 |           180 |  0.05819 |          0.01364 |
|                       electric |      0.26804 |       0.31749 |      0.39084 |     0.08993 |      0.13564 |     0.19006 |           180 |  0.06112 |          0.00176 |
|                   fast_physics |      23.0775 |       24.0659 |      25.1636 |     0.80755 |      1.06607 |     2.50781 |           360 |  0.48039 |          0.06685 |
|                field.halo_ex_1 |      13.0055 |       19.8544 |      48.4882 |     9.57761 |     16.40237 |      44.476 |         46335 |  7.39127 |          0.00043 |
|                field.halo_ex_2 |      0.50267 |       0.99461 |      3.84726 |      0.3489 |      0.73807 |     3.45316 |          1986 |  0.33259 |           0.0005 |
|                field.halo_ex_6 |      0.42829 |       0.48465 |      0.67183 |     0.12596 |      0.18182 |      0.3687 |           466 |  0.08193 |          0.00104 |
|                field.halo_ex_7 |      2.01473 |       2.51649 |      4.03622 |     1.67917 |      2.17772 |     3.70556 |          5284 |  0.98133 |          0.00048 |
|                field.halo_ex_8 |      3.81587 |       5.19156 |      7.39197 |     3.53942 |      4.92266 |     7.13566 |         11248 |  2.21826 |          0.00046 |
|               field.initialise |      0.58747 |       0.68774 |      0.92333 |     0.58747 |      0.68774 |     0.92333 |        379988 |  0.30991 |              0.0 |
|                     field.read |      23.0716 |      23.19165 |      23.2783 |       2e-05 |        9e-05 |     0.00187 |            62 |    4e-05 |          0.37406 |
|                    field.write |      0.59567 |       1.09823 |      1.64855 |     0.10393 |      0.13752 |     0.16453 |         37951 |  0.06197 |            3e-05 |
|                 fs.constructor |      0.01332 |       0.02582 |      0.03175 |     0.01332 |      0.02582 |     0.03175 |            71 |  0.01163 |          0.00036 |
|      gungho_diagnostics_driver |      9.04156 |       9.81056 |      10.3888 |     7.07786 |      9.08824 |     9.66355 |           181 |  4.09536 |           0.0542 |
|         gungho_driver.finalise |      0.64284 |        0.6436 |      0.64451 |     0.02135 |       0.0238 |     0.02872 |             1 |  0.01072 |           0.6436 |
|   gungho_driver.first_timestep |        7.815 |       7.95358 |      8.09001 |       3e-05 |      0.00012 |     0.00051 |             1 |    5e-05 |          7.95358 |
|       gungho_driver.initialise |      34.9751 |      35.11064 |      35.2513 |     1.09082 |       1.5548 |     1.80248 |             1 |  0.70063 |         35.11064 |
|        gungho_driver.mesh_init |      1.04402 |       1.09936 |      1.11969 |     1.04402 |      1.09936 |     1.11969 |             1 |   0.4954 |          1.09936 |
|         gungho_driver.timestep |      177.394 |      177.4726 |      177.514 |     0.00204 |      0.00323 |     0.00482 |           179 |  0.00146 |          0.99147 |
|                gungho_timestep |      173.854 |      174.4454 |      175.771 |      0.0143 |      0.02365 |     0.03037 |           180 |  0.01066 |          0.96914 |
|          halo_routing_creation |      4.28618 |       4.58533 |      5.39795 |     4.28618 |      4.58533 |     5.39795 |         65319 |  2.06625 |            7e-05 |
|                      init_lbcs |      0.09963 |       0.13296 |      0.27986 |     0.01431 |      0.03195 |     0.12673 |             1 |   0.0144 |          0.13296 |
|                 jules.explicit |      0.28094 |       0.73345 |       1.9659 |     0.27347 |      0.72364 |     1.95478 |           180 |  0.32609 |          0.00407 |
|                    jules.extra |      0.02699 |       0.25855 |      0.80591 |     0.01579 |      0.24432 |     0.79107 |           180 |  0.11009 |          0.00144 |
|                 jules.implicit |      0.45143 |       0.93491 |      1.83498 |     0.44151 |      0.92297 |     1.82072 |           720 |  0.41591 |           0.0013 |
|                jules.radiation |      0.10883 |       0.21596 |      0.30746 |     0.08853 |      0.18878 |     0.25121 |           180 |  0.08507 |           0.0012 |
|                   leonard_term |      0.55471 |       0.94583 |      2.48283 |     0.21676 |      0.34589 |     0.43992 |           180 |  0.15587 |          0.00525 |
|    lfric_xios.finalise_context |      0.61511 |        0.6198 |      0.62212 |       5e-05 |        7e-05 |     0.00014 |             1 |    3e-05 |           0.6198 |
|        lfric_xios.init_context |      0.17586 |       0.33861 |      0.68247 |     0.15294 |      0.31348 |     0.64652 |             1 |  0.14126 |          0.33861 |
|           lfric_xios.read_fldg |      23.0715 |      23.19153 |      23.2782 |     23.0277 |     23.13044 |       23.14 |            62 | 10.42308 |          0.37406 |
|          lfric_xios.write_fldg |      0.48752 |       0.96057 |      1.51458 |     0.48752 |      0.96057 |     1.51458 |           211 |  0.43285 |          0.00455 |
|              locate_tropopause |      0.02108 |       0.02813 |      0.03534 |     0.02025 |      0.02702 |     0.03369 |           180 |  0.01218 |          0.00016 |
|    mappings.map_physics_fields |       7.3483 |       8.44293 |      9.41552 |     7.05629 |      8.02134 |     9.06711 |           181 |  3.61459 |          0.04665 |
|              mappings.set_wind |      1.28308 |       1.54781 |      2.56652 |     0.09744 |       0.2026 |     0.29807 |           180 |  0.09129 |           0.0086 |
|         mass_matrix_solver_alg |      6.04989 |       7.31263 |       9.4145 |     4.08087 |      5.26258 |      5.8729 |          1082 |  2.37143 |          0.00676 |
|             microphysics.casim |      5.69914 |       7.97271 |      10.1609 |     5.68485 |      7.95683 |     10.1473 |           180 |  3.58552 |          0.04429 |
|    microphysics.casim_activate |      0.00999 |       0.02466 |      0.03572 |     0.00863 |      0.02307 |     0.03391 |           181 |  0.01039 |          0.00014 |
|      mixed_solver.schur_precon |        12.08 |      12.46093 |       13.396 |     0.00429 |      0.00547 |     0.00952 |           720 |  0.00246 |          0.01731 |
|  pressure_solver.helmholtz_lhs |      6.49243 |        6.8212 |      8.97857 |     4.58765 |      5.64022 |     5.80509 |         19440 |   2.5416 |          0.00035 |
|           radiation.illuminate |      0.07517 |       0.11899 |      0.21469 |     0.07517 |      0.11899 |     0.21469 |           180 |  0.05362 |          0.00066 |
|                   radiation.lw |      1.50738 |       2.57709 |      2.94149 |     1.50738 |      2.57709 |     2.94149 |           180 |  1.16129 |          0.01432 |
|                   radiation.sw |      0.01097 |       0.02943 |       0.0502 |     0.01097 |      0.02943 |      0.0502 |           180 |  0.01326 |          0.00016 |
|       runtime_constants.dycore |      1.23503 |       1.70725 |       1.7686 |     1.23502 |      1.70724 |      1.7686 |            13 |  0.76932 |          0.13133 |
|          runtime_constants.fem |      1.09808 |       1.24708 |      1.40466 |     0.67014 |      0.95102 |     0.99011 |            31 |  0.42855 |          0.04023 |
|    runtime_constants.geometric |      0.50896 |       0.59903 |       0.8105 |     0.21799 |      0.30837 |     0.32985 |            26 |  0.13896 |          0.02304 |
| runtime_constants.limited_area |      0.04224 |       0.05281 |      0.06351 |     0.00231 |      0.01147 |      0.0193 |            15 |  0.00517 |          0.00352 |
|      runtime_constants.mapping |      0.07256 |       0.09926 |      0.10677 |     0.07256 |      0.09926 |     0.10677 |             1 |  0.04473 |          0.09926 |
|      runtime_constants.physics |      0.55775 |        0.5638 |      0.57123 |     0.00117 |      0.00813 |     0.01639 |             1 |  0.00366 |           0.5638 |
|       runtime_constants.solver |      0.00089 |       0.00134 |      0.00252 |     0.00088 |      0.00132 |     0.00247 |            16 |   0.0006 |            8e-05 |
|    runtime_constants.transport |      0.00184 |        0.0033 |       0.0095 |     0.00182 |      0.00327 |     0.00948 |             4 |  0.00148 |          0.00082 |
|          schur_precon.back_sub |      1.29748 |       1.40412 |      1.80558 |     0.70639 |      1.08135 |     1.48423 |           720 |  0.48728 |          0.00195 |
|   schur_precon.pressure_solver |      9.24239 |        9.6076 |      11.2603 |     2.24093 |      2.77258 |     2.86081 |           720 |  1.24939 |          0.01334 |
|               schur_precon.rhs |      0.82029 |       1.43857 |      1.56357 |      0.8127 |      1.43137 |     1.55498 |           720 |    0.645 |            0.002 |
|         semi_implicit_timestep |      173.835 |     174.42112 |      175.748 |     4.66126 |      6.34929 |     6.69257 |           180 |  2.86113 |          0.96901 |
|                   slow_physics |      27.7375 |      27.87528 |      28.1235 |     0.88345 |      1.23399 |     3.31657 |           180 |  0.55606 |          0.15486 |
|                    smagorinsky |      3.57747 |       5.37503 |      7.72809 |     1.38758 |      2.02307 |     2.30737 |           360 |  0.91164 |          0.01493 |
|            solver.mixed_solver |      12.7297 |       12.9489 |      13.6195 |     0.20609 |      0.45965 |     0.61225 |           720 |  0.20713 |          0.01798 |
|              stoch_phys.blpert |      0.12323 |       1.44477 |      4.61492 |     0.04544 |      0.05625 |     0.07602 |           360 |  0.02535 |          0.00401 |
|      transport.controller_init |        2.197 |       2.44562 |      3.19095 |     1.13885 |      1.43561 |     2.43235 |           360 |  0.64692 |          0.00679 |
|      transport.ffsl_horizontal |       11.529 |      12.25183 |      12.8115 |     6.09338 |      7.69841 |     9.42475 |          2340 |  3.46907 |          0.00524 |
|        transport.ffsl_vertical |      3.97156 |       4.55594 |      4.83214 |     3.47258 |      3.97632 |     4.25177 |          7200 |  1.79182 |          0.00063 |
|         transport.flux_precomp |      2.38764 |       2.76926 |      3.13021 |     0.86422 |      1.06428 |     1.13316 |          8460 |  0.47959 |          0.00033 |
|    transport.flux_precomp_init |      0.44669 |       0.62497 |      0.66287 |     0.42847 |      0.61002 |     0.64807 |          3240 |  0.27489 |          0.00019 |
|         transport.hori_dep_pts |      1.31278 |       1.67881 |      2.00785 |     0.66172 |      0.90012 |     1.12902 |          1080 |  0.40561 |          0.00155 |
|        transport.sl_horizontal |       8.3466 |       8.76918 |      9.31105 |     3.29831 |      4.36287 |     4.86691 |          2700 |  1.96601 |          0.00325 |
|          transport.sl_vertical |      5.31192 |       5.62741 |      6.06224 |       1.054 |      1.50562 |     2.08388 |          2880 |  0.67846 |          0.00195 |
|                 transport.wind |      18.0531 |      18.67959 |      19.1339 |     4.57324 |      6.41617 |     6.91263 |           360 |  2.89127 |          0.05189 |
|         transport.wind_precomp |      2.50872 |       2.84969 |      3.82717 |     1.62053 |        2.036 |     2.17983 |          2160 |  0.91746 |          0.00132 |
|   transport.wind_precomp_final |      6.63291 |       8.81676 |      11.7288 |     6.63291 |      8.81676 |     11.7288 |          2160 |  3.97302 |          0.00408 |
|    transport.wind_precomp_init |      0.57393 |       0.86424 |       0.9268 |     0.55724 |      0.85188 |     0.91586 |           360 |  0.38388 |           0.0024 |
|                    update_lbcs |      0.85752 |       1.30766 |      1.49198 |     0.77305 |      1.22727 |     1.41533 |           180 |  0.55304 |          0.00726 |
|  xios.close_context_definition |      7.38679 |       7.39184 |       7.4958 |     7.38679 |      7.39184 |      7.4958 |             1 |  3.33093 |          7.39184 |
|          xios.context_finalize |      0.61504 |       0.61973 |      0.62205 |     0.61504 |      0.61973 |     0.62205 |             1 |  0.27926 |          0.61973 |
|           xios.update_calendar |      0.68979 |       0.72356 |      0.81884 |     0.68979 |      0.72356 |     0.81884 |           182 |  0.32605 |          0.00398 |