|                        Routine | Total Min(s) | Total Mean(s) | Total Max(s) | Self Min(s) | Self Mean(s) | Self Max(s) | Max no. calls |   % time | Time per call(s) |
|                  __lfric_atm__ |      860.571 |      860.6114 |      860.618 |     0.00341 |      0.00729 |     0.01145 |             1 |  0.00085 |         860.6114 |
|                      __setup__ |      43.0216 |      43.81096 |      44.1675 |       6e-05 |       0.0011 |     0.00263 |             1 |  0.00013 |         43.81096 |
|                    __vernier__ |      0.29589 |       0.66243 |      0.71757 |     0.29589 |      0.66243 |     0.71757 |        621531 |  0.07697 |              0.0 |
|            aerosol.glomap_clim |       8.8674 |      11.09711 |      11.5497 |     8.86708 |     11.09648 |     11.5491 |           180 |  1.28937 |          0.06165 |
|                 aerosol.radaer |      2.16637 |       2.75803 |      3.17338 |     2.16608 |      2.75769 |     3.17302 |             3 |  0.32043 |          0.91934 |
|           aerosol.stratosphere |      0.01588 |       0.04926 |      0.08594 |     0.01588 |      0.04926 |     0.08594 |           180 |  0.00572 |          0.00027 |
|                    bl.explicit |      16.7483 |      29.16879 |       44.333 |     11.6914 |     16.79783 |     20.6405 |           360 |  1.95185 |          0.08102 |
|                    bl.implicit |      59.5432 |      82.45747 |      94.5624 |     58.7029 |     78.93057 |       92.63 |           360 |  9.17145 |          0.22905 |
|                          cloud |      7.96188 |      13.90234 |      20.5563 |     7.94424 |     13.88532 |     20.5395 |           180 |  1.61342 |          0.07724 |
|                   cloud.bm_tau |      3.57308 |       5.38109 |      5.74896 |     3.57308 |      5.38109 |     5.74896 |           180 |  0.62526 |          0.02989 |
|                   diags.bl_exp |      0.02969 |       0.06385 |      0.09415 |     0.00449 |       0.0084 |     0.01263 |           360 |  0.00098 |          0.00018 |
|                   diags.bl_imp |      0.07476 |       0.15641 |      0.21493 |     0.05442 |      0.07718 |     0.09624 |           540 |  0.00897 |          0.00029 |
|                   diags.blpert |      0.00541 |       0.00876 |      0.01266 |       5e-05 |        7e-05 |     0.00012 |           360 |    1e-05 |            2e-05 |
|                    diags.casim |      0.04499 |       0.06126 |      0.08196 |     0.01343 |      0.02381 |     0.03064 |           360 |  0.00277 |          0.00017 |
|                    diags.cloud |       0.0622 |       0.07811 |      0.08812 |     0.05286 |      0.06668 |     0.07522 |           360 |  0.00775 |          0.00022 |
|                 diags.dynamics |      0.02889 |       0.04109 |      0.05775 |     0.02726 |      0.03907 |     0.05342 |           180 |  0.00454 |          0.00023 |
|                 diags.electric |      0.00901 |       0.01292 |      0.02052 |     0.00749 |      0.00989 |     0.01417 |           360 |  0.00115 |            4e-05 |
|              diags.glomap_clim |      0.02437 |       0.04377 |      0.06329 |     0.00058 |      0.00136 |     0.00254 |           180 |  0.00016 |          0.00024 |
|               diags.illuminate |      0.00565 |       0.01131 |      0.02839 |      0.0001 |      0.00017 |      0.0003 |           180 |    2e-05 |            6e-05 |
|                diags.jules_exp |      0.01868 |        0.0864 |       0.1584 |     0.00556 |      0.00768 |     0.00982 |           360 |  0.00089 |          0.00024 |
|                diags.jules_imp |      0.02955 |       0.12416 |      0.15651 |       0.008 |      0.01463 |     0.02339 |           360 |   0.0017 |          0.00034 |
|             diags.jules_seaice |      0.00496 |         0.009 |      0.02273 |     0.00244 |      0.00435 |     0.01563 |           180 |  0.00051 |            5e-05 |
|               diags.jules_snow |      0.00921 |       0.01327 |      0.02233 |     0.00442 |      0.00618 |     0.00784 |           360 |  0.00072 |            4e-05 |
|               diags.jules_soil |      0.01244 |       0.01675 |      0.02327 |     0.00703 |      0.00868 |     0.01006 |           360 |  0.00101 |            5e-05 |
|        diags.locate_tropopause |      0.00155 |       0.00439 |      0.00518 |       1e-05 |        2e-05 |       7e-05 |           180 |      0.0 |            2e-05 |
|             diags.microphysics |      0.03176 |        0.0427 |      0.06196 |     0.00012 |      0.00025 |     0.00042 |           180 |    3e-05 |          0.00024 |
|                     diags.pmsl |      0.20329 |       0.21387 |      0.26022 |     0.11297 |      0.16355 |     0.18477 |           180 |    0.019 |          0.00119 |
|             diags.pressure_lev |      0.02166 |       0.03078 |      0.03641 |     0.02091 |      0.02988 |     0.03549 |           180 |  0.00347 |          0.00017 |
|                   diags.radaer |       0.0003 |       0.00035 |      0.00051 |     0.00028 |      0.00033 |     0.00049 |             9 |    4e-05 |            4e-05 |
|                diags.radiation |      0.15971 |        0.2504 |      0.35822 |     0.10632 |      0.13881 |     0.16981 |           360 |  0.01613 |           0.0007 |
|              diags.smagorinsky |      0.00632 |       0.01892 |      0.02194 |     0.00014 |      0.00043 |      0.0007 |           360 |    5e-05 |            5e-05 |
|  dynamics.compute_si_operators |       61.495 |      62.45436 |      70.4359 |     33.7275 |     52.67058 |     54.8492 |           180 |  6.12013 |          0.34697 |
|       dynamics.phys_predictors |      32.0005 |       32.8827 |      34.0408 |      0.8733 |      3.33669 |     3.89021 |           360 |  0.38771 |          0.09134 |
|               dynamics.rhs_alg |      35.6925 |      37.58688 |      42.0854 |     14.7502 |     31.62155 |     33.5234 |           900 |  3.67431 |          0.04176 |
|               dynamics.rhs_lbc |      4.28438 |       5.09996 |      5.29744 |     1.63219 |       4.3683 |     4.64677 |           180 |  0.50758 |          0.02833 |
|                dynamics.solver |      72.1869 |      73.25068 |      74.3968 |     4.66689 |     17.39795 |     18.9892 |           720 |  2.02158 |          0.10174 |
|             dynamics.transport |      197.965 |     199.46443 |      203.886 |     11.6039 |     18.60041 |     20.0146 |           360 |   2.1613 |          0.55407 |
|  dynamics.transport_predictors |       15.789 |      16.04489 |      16.6672 |     0.19795 |      0.89895 |     1.03432 |           180 |  0.10445 |          0.08914 |
|                       electric |       0.8744 |       0.97724 |      1.22394 |     0.40341 |      0.55267 |     0.77964 |           180 |  0.06422 |          0.00543 |
|                   fast_physics |      118.911 |     119.40849 |      122.696 |     2.93732 |      3.49467 |     4.61593 |           360 |  0.40607 |          0.33169 |
|                field.halo_ex_1 |      36.0429 |      71.16229 |      271.662 |     19.5495 |     54.52116 |     253.329 |         46335 |  6.33519 |          0.00154 |
|                field.halo_ex_2 |      0.95183 |       1.79119 |      7.51593 |      0.5858 |      1.14503 |     6.23975 |          1986 |  0.13305 |           0.0009 |
|                field.halo_ex_6 |      0.67037 |       0.80925 |      1.71665 |     0.17045 |       0.3112 |     1.21332 |           255 |  0.03616 |          0.00317 |
|                field.halo_ex_7 |      3.52068 |       5.31707 |      21.0545 |     2.99404 |      4.78004 |     20.5691 |          4849 |  0.55543 |           0.0011 |
|                field.halo_ex_8 |      7.55132 |      14.39113 |       40.451 |     7.09723 |     13.88951 |     40.0547 |         11894 |  1.61391 |          0.00121 |
|               field.initialise |      0.92384 |       1.96446 |      2.61071 |     0.92384 |      1.96446 |     2.61071 |        379316 |  0.22826 |            1e-05 |
|                     field.read |      22.2223 |      25.39341 |      25.8706 |       2e-05 |        5e-05 |     0.00017 |            62 |    1e-05 |          0.40957 |
|                    field.write |      0.38434 |       0.83259 |      0.98699 |     0.10121 |      0.16357 |     0.19501 |         37951 |  0.01901 |            2e-05 |
|                 fs.constructor |      0.05946 |       0.10226 |      0.12007 |     0.05946 |      0.10226 |     0.12007 |            71 |  0.01188 |          0.00144 |
|      gungho_diagnostics_driver |      37.6317 |      38.83022 |      39.6964 |     28.0968 |     37.09345 |     38.0251 |           181 |  4.31013 |          0.21453 |
|         gungho_driver.finalise |      0.38797 |       0.39581 |      0.41346 |     0.09167 |      0.11713 |     0.12725 |             1 |  0.01361 |          0.39581 |
|   gungho_driver.first_timestep |      32.9887 |      33.34316 |      34.1323 |       4e-05 |       0.0003 |     0.00041 |             1 |    3e-05 |         33.34316 |
|       gungho_driver.initialise |      43.0206 |      43.80986 |      44.1674 |     3.34674 |      4.76729 |     5.51862 |             1 |  0.55394 |         43.80986 |
|        gungho_driver.mesh_init |      2.66444 |        2.7664 |      2.78851 |     2.66444 |       2.7664 |     2.78851 |             1 |  0.32145 |           2.7664 |
|         gungho_driver.timestep |      781.942 |     782.00057 |      782.025 |     0.00167 |      0.00426 |     0.00576 |           179 |   0.0005 |          4.36872 |
|                gungho_timestep |      767.544 |     768.77981 |      776.336 |     0.01453 |      0.03695 |     0.04469 |           180 |  0.00429 |            4.271 |
|          halo_routing_creation |      18.0693 |       18.7556 |       21.069 |     18.0693 |      18.7556 |      21.069 |         65319 |  2.17933 |          0.00029 |
|                      init_lbcs |      0.38568 |        0.4698 |      0.89627 |     0.13362 |      0.18658 |      0.4691 |             1 |  0.02168 |           0.4698 |
|                 jules.explicit |      0.86398 |       2.76774 |      7.80714 |     0.85701 |      2.75834 |     7.79658 |           180 |  0.32051 |          0.01538 |
|                    jules.extra |       0.0436 |       0.92521 |      3.17271 |     0.03023 |       0.9093 |     3.15649 |           180 |  0.10566 |          0.00514 |
|                 jules.implicit |      0.67824 |       3.24346 |      7.66564 |     0.66882 |      3.23109 |     7.65205 |           720 |  0.37544 |           0.0045 |
|                jules.radiation |      0.49878 |       0.80197 |      1.11665 |     0.43107 |      0.67951 |     0.86014 |           180 |  0.07896 |          0.00446 |
|                   leonard_term |      2.32711 |        3.0541 |        4.826 |     0.79394 |      1.63597 |     1.98817 |           180 |  0.19009 |          0.01697 |
|    lfric_xios.finalise_context |      0.27394 |       0.27867 |      0.32178 |       7e-05 |        9e-05 |     0.00013 |             1 |    1e-05 |          0.27867 |
|        lfric_xios.init_context |      0.42918 |       0.59493 |      0.97006 |     0.39693 |      0.56648 |     0.93755 |             1 |  0.06582 |          0.59493 |
|           lfric_xios.read_fldg |      22.2223 |      25.39333 |      25.8706 |     22.1504 |     25.25426 |     25.3887 |            62 |  2.93446 |          0.40957 |
|          lfric_xios.write_fldg |      0.28282 |       0.66874 |       0.8185 |     0.28282 |      0.66874 |      0.8185 |           211 |  0.07771 |          0.00317 |
|              locate_tropopause |       0.0685 |       0.08341 |      0.09441 |     0.06778 |      0.08181 |     0.09246 |           180 |  0.00951 |          0.00046 |
|    mappings.map_physics_fields |      26.1556 |      32.96982 |      40.0253 |     25.8492 |     29.99322 |       36.75 |           181 |  3.48511 |          0.18215 |
|              mappings.set_wind |      15.1437 |      15.80723 |      18.4579 |     0.61074 |      1.75647 |     2.35018 |           180 |   0.2041 |          0.08782 |
|         mass_matrix_solver_alg |      43.9663 |       45.2439 |      50.0385 |     15.7576 |     39.54478 |     42.0143 |          1082 |  4.59496 |          0.04182 |
|             microphysics.casim |      40.9009 |      54.21927 |      65.2322 |     40.8754 |     54.19809 |     65.2142 |           180 |  6.29763 |          0.30122 |
|    microphysics.casim_activate |      0.03541 |       0.08219 |      0.11964 |     0.03396 |      0.08042 |     0.11755 |           181 |  0.00934 |          0.00045 |
|      mixed_solver.schur_precon |      50.1404 |      51.70855 |      59.8379 |      0.0055 |      0.01364 |     0.01798 |           720 |  0.00158 |          0.07182 |
|  pressure_solver.helmholtz_lhs |      25.1739 |      26.55105 |      44.5854 |     18.3375 |     23.28601 |     23.8692 |         19440 |  2.70575 |          0.00137 |
|           radiation.illuminate |      0.33997 |       0.42624 |      0.53056 |     0.33997 |      0.42624 |     0.53056 |           180 |  0.04953 |          0.00237 |
|                   radiation.lw |      7.42522 |      10.85973 |      12.2051 |     7.42522 |     10.85973 |     12.2051 |           180 |  1.26186 |          0.06033 |
|                   radiation.sw |      0.05392 |       0.08668 |      0.13763 |     0.05392 |      0.08668 |     0.13763 |           180 |  0.01007 |          0.00048 |
|       runtime_constants.dycore |      4.70035 |       6.14866 |      6.29857 |     4.70034 |      6.14851 |     6.29845 |            13 |  0.71444 |          0.47297 |
|          runtime_constants.fem |      3.76596 |       4.13729 |      5.02007 |     2.52935 |      3.35799 |     3.49174 |            31 |  0.39019 |          0.13346 |
|    runtime_constants.geometric |      1.61153 |       1.75886 |      2.12425 |     0.82856 |      1.11068 |     1.14593 |            26 |  0.12906 |          0.06765 |
| runtime_constants.limited_area |      0.08115 |        0.1312 |      0.22144 |     0.01007 |      0.04128 |     0.06224 |            15 |   0.0048 |          0.00875 |
|      runtime_constants.mapping |       0.2799 |       0.36336 |      0.37734 |      0.2799 |      0.36336 |     0.37734 |             1 |  0.04222 |          0.36336 |
|      runtime_constants.physics |      0.93305 |       0.94976 |      0.96227 |     0.00394 |      0.01263 |     0.02124 |             1 |  0.00147 |          0.94976 |
|       runtime_constants.solver |      0.00497 |       0.00939 |      0.02281 |     0.00496 |      0.00937 |     0.02278 |            16 |  0.00109 |          0.00059 |
|    runtime_constants.transport |      0.00657 |         0.027 |       0.0632 |     0.00655 |      0.02686 |     0.06288 |             4 |  0.00312 |          0.00675 |
|          schur_precon.back_sub |      4.70203 |       7.15241 |      7.42058 |     2.20167 |       6.4446 |      6.7988 |           720 |  0.74884 |          0.00993 |
|   schur_precon.pressure_solver |      36.6614 |      38.03271 |      53.3079 |     8.69789 |     11.44164 |     11.7592 |           720 |  1.32948 |          0.05282 |
|               schur_precon.rhs |       1.7212 |        6.4989 |      7.06935 |     1.71157 |      6.46629 |     7.03332 |           720 |  0.75136 |          0.00903 |
|         semi_implicit_timestep |      767.508 |      768.7419 |       776.32 |     12.2968 |     33.29258 |     35.2492 |           180 |  3.86848 |          4.27079 |
|                   slow_physics |      140.878 |     140.98637 |      142.633 |     2.37144 |      2.92567 |     4.09497 |           180 |  0.33995 |          0.78326 |
|                    smagorinsky |      19.3882 |      23.56431 |      34.2723 |     5.66913 |     15.89013 |     17.3902 |           360 |  1.84638 |          0.06546 |
|            solver.mixed_solver |      53.8162 |      55.01357 |      60.5903 |     0.72894 |      3.24614 |     3.64347 |           720 |  0.37719 |          0.07641 |
|              stoch_phys.blpert |      0.21362 |       8.82256 |      31.7261 |     0.09278 |      0.15208 |     0.24297 |           360 |  0.01767 |          0.02451 |
|      transport.controller_init |      7.98523 |       8.93924 |      17.2786 |     4.02916 |      5.09688 |     14.9005 |           360 |  0.59224 |          0.02483 |
|      transport.ffsl_horizontal |      50.0123 |      52.33591 |      62.0795 |     23.8356 |     36.43727 |     48.2474 |          2340 |  4.23388 |          0.02237 |
|        transport.ffsl_vertical |      15.4475 |      24.60453 |      26.4722 |     13.8346 |     22.03833 |     23.7799 |          7200 |  2.56078 |          0.00342 |
|         transport.flux_precomp |      8.18116 |      11.69174 |      12.6625 |     2.84293 |      5.67109 |     5.94522 |          8460 |  0.65896 |          0.00138 |
|    transport.flux_precomp_init |      0.92282 |       3.23682 |      3.35844 |     0.90823 |      3.20485 |     3.32577 |          3244 |  0.37239 |            0.001 |
|         transport.hori_dep_pts |      4.76047 |       5.96994 |      6.93114 |     2.27311 |      4.42879 |      5.0013 |          1080 |  0.51461 |          0.00553 |
|        transport.sl_horizontal |      30.1543 |      31.73625 |      40.4838 |     12.9157 |      22.3962 |     24.8564 |          2700 |  2.60236 |          0.01175 |
|          transport.sl_vertical |      24.8871 |       25.8762 |      26.9283 |     3.58262 |      7.66073 |     9.00472 |          2880 |  0.89015 |          0.00898 |
|                 transport.wind |       70.978 |      73.83482 |      74.5835 |     15.5585 |     25.73953 |     26.8277 |           360 |  2.99084 |           0.2051 |
|         transport.wind_precomp |      10.7573 |      11.74896 |       20.794 |     6.63246 |      9.30333 |     9.78832 |          2160 |  1.08101 |          0.00544 |
|   transport.wind_precomp_final |      6.66347 |       7.64115 |      10.1776 |     6.66347 |      7.64115 |     10.1776 |          2160 |  0.88788 |          0.00354 |
|    transport.wind_precomp_init |      1.12411 |       4.56535 |      4.82034 |     1.10713 |      4.53952 |     4.79339 |           360 |  0.52748 |          0.01268 |
|                    update_lbcs |      2.90382 |       8.43547 |      9.10192 |     2.53614 |      8.10434 |     8.76419 |           180 |   0.9417 |          0.04686 |
|  xios.close_context_definition |      6.20384 |       6.31825 |      9.40737 |     6.20384 |      6.31825 |     9.40737 |             1 |  0.73416 |          6.31825 |
|          xios.context_finalize |      0.27386 |       0.27858 |      0.32166 |     0.27386 |      0.27858 |     0.32166 |             1 |  0.03237 |          0.27858 |
|           xios.update_calendar |      1.02085 |       1.07443 |      1.13501 |     1.02085 |      1.07443 |     1.13501 |           182 |  0.12484 |           0.0059 |