|                        Routine | Total Min(s) | Total Mean(s) | Total Max(s) | Self Min(s) | Self Mean(s) | Self Max(s) | Max no. calls |   % time | Time per call(s) |
|                  __lfric_atm__ |      816.964 |       816.967 |      816.969 |     0.00365 |      0.01095 |     0.01573 |             1 |  0.00134 |          816.967 |
|                      __setup__ |      39.1495 |      39.83322 |      40.3396 |       7e-05 |      0.00255 |     0.00596 |             1 |  0.00031 |         39.83322 |
|                    __vernier__ |      0.30917 |       0.69623 |      0.75171 |     0.30917 |      0.69623 |     0.75171 |        621531 |  0.08522 |              0.0 |
|            aerosol.glomap_clim |      8.76688 |      11.03537 |      11.7004 |     8.76649 |     11.03481 |     11.6999 |           180 |   1.3507 |          0.06131 |
|                 aerosol.radaer |      2.15202 |       2.76762 |       2.9983 |     2.15173 |      2.76715 |     2.99781 |             3 |  0.33871 |          0.92254 |
|           aerosol.stratosphere |      0.01303 |       0.05398 |      0.10884 |     0.01303 |      0.05398 |     0.10884 |           180 |  0.00661 |           0.0003 |
|                    bl.explicit |      14.8311 |      27.12657 |      45.8163 |     10.0799 |     18.35049 |     21.9041 |           360 |  2.24617 |          0.07535 |
|                    bl.implicit |      43.7208 |      72.81245 |      82.2026 |     43.0256 |     69.60395 |     79.0915 |           360 |   8.5198 |          0.20226 |
|                          cloud |      6.22043 |       9.79966 |      13.9505 |     6.20058 |      9.77989 |     13.9309 |           180 |   1.1971 |          0.05444 |
|                   cloud.bm_tau |      1.96659 |       4.33045 |      4.58372 |     1.96659 |      4.33045 |     4.58372 |           180 |  0.53006 |          0.02406 |
|                   diags.bl_exp |      0.03198 |       0.04961 |      0.07176 |      0.0046 |      0.00885 |     0.01313 |           360 |  0.00108 |          0.00014 |
|                   diags.bl_imp |       0.0701 |       0.15852 |       0.2247 |     0.05359 |      0.08243 |     0.09952 |           540 |  0.01009 |          0.00029 |
|                   diags.blpert |      0.00557 |       0.00817 |      0.01091 |       5e-05 |        7e-05 |     0.00012 |           360 |    1e-05 |            2e-05 |
|                    diags.casim |      0.03913 |       0.04995 |      0.06731 |     0.01316 |      0.02323 |     0.03158 |           360 |  0.00284 |          0.00014 |
|                    diags.cloud |      0.05755 |       0.08033 |      0.08794 |     0.05055 |      0.07119 |     0.07715 |           360 |  0.00871 |          0.00022 |
|                 diags.dynamics |      0.02914 |       0.04445 |      0.06063 |     0.02754 |      0.04225 |     0.05741 |           180 |  0.00517 |          0.00025 |
|                 diags.electric |      0.00888 |       0.01524 |      0.02231 |     0.00749 |      0.01198 |     0.01666 |           360 |  0.00147 |            4e-05 |
|              diags.glomap_clim |      0.02187 |       0.04129 |      0.05911 |     0.00054 |      0.00144 |      0.0033 |           180 |  0.00018 |          0.00023 |
|               diags.illuminate |      0.00733 |       0.01377 |      0.03152 |       7e-05 |       0.0002 |     0.00055 |           180 |    2e-05 |            8e-05 |
|                diags.jules_exp |        0.023 |       0.12179 |      0.22551 |     0.00564 |      0.00875 |     0.01073 |           360 |  0.00107 |          0.00034 |
|                diags.jules_imp |      0.03175 |       0.11494 |      0.14149 |     0.00765 |      0.01514 |     0.02519 |           360 |  0.00185 |          0.00032 |
|             diags.jules_seaice |      0.00464 |       0.00971 |      0.02648 |      0.0021 |      0.00452 |     0.01974 |           180 |  0.00055 |            5e-05 |
|               diags.jules_snow |      0.00828 |       0.01362 |       0.0243 |     0.00418 |      0.00683 |     0.00815 |           360 |  0.00084 |            4e-05 |
|               diags.jules_soil |      0.01238 |        0.0174 |      0.02155 |     0.00676 |      0.00933 |     0.01063 |           360 |  0.00114 |            5e-05 |
|        diags.locate_tropopause |      0.00156 |       0.00455 |      0.00509 |       1e-05 |        2e-05 |       7e-05 |           180 |      0.0 |            3e-05 |
|             diags.microphysics |      0.02347 |        0.0314 |      0.05065 |     0.00011 |      0.00024 |     0.00044 |           180 |    3e-05 |          0.00017 |
|                     diags.pmsl |      0.22208 |       0.30446 |      0.36861 |      0.1083 |      0.17137 |     0.20459 |           180 |  0.02098 |          0.00169 |
|             diags.pressure_lev |      0.02183 |       0.03567 |       0.0446 |     0.02091 |      0.03472 |     0.04357 |           180 |  0.00425 |           0.0002 |
|                   diags.radaer |      0.00029 |       0.00051 |      0.00113 |     0.00027 |      0.00049 |     0.00111 |             9 |    6e-05 |            6e-05 |
|                diags.radiation |       0.1487 |       0.27601 |      0.39476 |     0.10581 |      0.15477 |     0.17895 |           360 |  0.01894 |          0.00077 |
|              diags.smagorinsky |       0.0076 |       0.01803 |       0.0212 |     0.00011 |      0.00043 |     0.00064 |           360 |    5e-05 |            5e-05 |
|  dynamics.compute_si_operators |      60.7792 |      63.27895 |      71.9726 |     33.7554 |     52.81057 |     55.3136 |           180 |  6.46422 |          0.35155 |
|       dynamics.phys_predictors |      31.0049 |      33.53928 |      36.0268 |     0.81414 |      3.07879 |     3.64047 |           360 |  0.37686 |          0.09316 |
|               dynamics.rhs_alg |      35.2973 |      38.74103 |      44.6208 |      14.784 |     32.05705 |     35.3689 |           900 |  3.92391 |          0.04305 |
|               dynamics.rhs_lbc |       4.3069 |       5.21112 |      5.51206 |     1.58355 |       4.4358 |     4.81727 |           180 |  0.54296 |          0.02895 |
|                dynamics.solver |      72.8033 |      74.43577 |       76.396 |     4.58094 |     17.42329 |     19.2526 |           720 |  2.13268 |          0.10338 |
|             dynamics.transport |      202.749 |     204.27628 |      207.963 |     11.8185 |     18.59625 |     20.5191 |           360 |  2.27626 |          0.56743 |
|  dynamics.transport_predictors |      15.9783 |      16.50111 |      17.1259 |     0.19664 |      0.88797 |     0.97188 |           180 |  0.10869 |          0.09167 |
|                       electric |       0.6595 |       0.78356 |      1.04351 |     0.35123 |      0.53627 |     0.77602 |           180 |  0.06564 |          0.00435 |
|                   fast_physics |      107.344 |     108.25738 |      112.014 |     3.06458 |      3.62568 |     4.65912 |           360 |   0.4438 |          0.30071 |
|                field.halo_ex_1 |      35.2936 |      65.14556 |      283.858 |     24.5391 |     54.04242 |     271.076 |         46335 |  6.61501 |          0.00141 |
|                field.halo_ex_2 |      0.86228 |       2.19025 |      8.61686 |      0.5644 |      1.42548 |     6.85369 |          1986 |  0.17449 |           0.0011 |
|                field.halo_ex_6 |      0.58507 |       0.76737 |      1.67601 |     0.15942 |      0.33831 |     1.23872 |           255 |  0.04141 |          0.00301 |
|                field.halo_ex_7 |      3.91762 |       5.96776 |      22.6614 |      3.4633 |      5.50051 |     22.2604 |          4849 |  0.67328 |          0.00123 |
|                field.halo_ex_8 |      7.84904 |      14.58092 |      43.1602 |     7.44183 |     14.12159 |     42.8232 |         11894 |  1.72854 |          0.00123 |
|               field.initialise |      0.88653 |       1.94942 |      2.48084 |     0.88653 |      1.94942 |     2.48084 |        379316 |  0.23862 |            1e-05 |
|                     field.read |      19.0746 |      23.15597 |      23.5344 |       2e-05 |        9e-05 |     0.00078 |            62 |    1e-05 |          0.37348 |
|                    field.write |      0.25292 |        0.7737 |      1.02358 |     0.10084 |      0.17175 |     0.20081 |         37951 |  0.02102 |            2e-05 |
|                 fs.constructor |      0.03318 |       0.05873 |      0.06764 |     0.03318 |      0.05873 |     0.06764 |            71 |  0.00719 |          0.00083 |
|      gungho_diagnostics_driver |      36.3094 |      39.22389 |      45.4662 |     26.9671 |     36.94623 |     44.1571 |           181 |  4.52236 |          0.21671 |
|         gungho_driver.finalise |      0.32582 |       0.33254 |       0.3787 |     0.06533 |      0.08218 |     0.12964 |             1 |  0.01006 |          0.33254 |
|   gungho_driver.first_timestep |       26.736 |      27.24492 |      27.9132 |       4e-05 |      0.00018 |     0.00047 |             1 |    2e-05 |         27.24492 |
|       gungho_driver.initialise |      39.1495 |      39.83066 |      40.3353 |     2.23768 |      3.88223 |     4.77812 |             1 |   0.4752 |         39.83066 |
|        gungho_driver.mesh_init |      1.85683 |       2.01072 |      2.03985 |     1.85683 |      2.01072 |     2.03985 |             1 |  0.24612 |          2.01072 |
|         gungho_driver.timestep |      748.044 |     748.53582 |       748.74 |     0.00182 |      0.00499 |      0.0067 |           179 |  0.00061 |          4.18176 |
|                gungho_timestep |      727.346 |     730.13424 |      738.784 |     0.01357 |       0.0357 |     0.04604 |           180 |  0.00437 |           4.0563 |
|          halo_routing_creation |      12.3421 |      13.14954 |      15.7238 |     12.3421 |     13.14954 |     15.7238 |         65319 |  1.60956 |           0.0002 |
|                      init_lbcs |      0.26998 |       0.53241 |       0.9877 |     0.05727 |      0.15907 |     0.46264 |             1 |  0.01947 |          0.53241 |
|                 jules.explicit |      0.78044 |       2.60202 |      8.26553 |     0.77361 |      2.59137 |     8.25283 |           180 |  0.31719 |          0.01446 |
|                    jules.extra |      0.03496 |       0.83636 |      2.86047 |     0.02287 |       0.8193 |     2.84367 |           180 |  0.10029 |          0.00465 |
|                 jules.implicit |      0.54434 |       2.93658 |      7.18427 |     0.53517 |      2.92157 |     7.16967 |           720 |  0.35761 |          0.00408 |
|                jules.radiation |      0.40184 |        0.8444 |      1.36404 |     0.31093 |      0.63717 |     0.82276 |           180 |  0.07799 |          0.00469 |
|                   leonard_term |       2.0878 |       2.86128 |      4.76541 |     0.74464 |      1.42554 |     1.84485 |           180 |  0.17449 |           0.0159 |
|    lfric_xios.finalise_context |      0.24143 |       0.25036 |      0.30188 |       1e-05 |        8e-05 |     0.00013 |             1 |    1e-05 |          0.25036 |
|        lfric_xios.init_context |       0.4072 |       0.51851 |      1.24319 |     0.38023 |      0.49126 |     1.19345 |             1 |  0.06013 |          0.51851 |
|           lfric_xios.read_fldg |      19.0746 |      23.15586 |      23.5344 |     18.9744 |     23.05751 |     23.1027 |            62 |  2.82233 |          0.37348 |
|          lfric_xios.write_fldg |       0.1505 |       0.60163 |      0.82244 |      0.1505 |      0.60163 |     0.82244 |           211 |  0.07364 |          0.00285 |
|              locate_tropopause |      0.06523 |       0.08405 |      0.09611 |     0.06455 |      0.08243 |     0.09412 |           180 |  0.01009 |          0.00047 |
|    mappings.map_physics_fields |      27.2833 |      31.54797 |      39.9938 |     27.0217 |     29.66888 |     33.2818 |           181 |  3.63159 |           0.1743 |
|              mappings.set_wind |      9.41308 |      10.45123 |      16.2333 |     0.47854 |      1.39365 |     2.00427 |           180 |  0.17059 |          0.05806 |
|         mass_matrix_solver_alg |      43.8811 |      46.63174 |      51.0861 |     15.8287 |     39.46024 |     42.5437 |          1082 |  4.83009 |           0.0431 |
|             microphysics.casim |      24.0885 |      32.06011 |      39.0294 |     24.0672 |     32.03922 |     39.0079 |           180 |  3.92173 |          0.17811 |
|    microphysics.casim_activate |      0.03148 |       0.08817 |      0.12057 |     0.02991 |      0.08632 |     0.11832 |           181 |  0.01057 |          0.00049 |
|      mixed_solver.schur_precon |      49.7127 |      52.57432 |      61.1583 |     0.00569 |      0.01575 |     0.01944 |           720 |  0.00193 |          0.07302 |
|  pressure_solver.helmholtz_lhs |      25.4141 |      27.28942 |      45.7855 |     18.2154 |     23.59487 |     24.2913 |         19440 |  2.88811 |           0.0014 |
|           radiation.illuminate |      0.28272 |       0.42716 |      0.57348 |     0.28272 |      0.42716 |     0.57348 |           180 |  0.05229 |          0.00237 |
|                   radiation.lw |      6.48238 |      10.41638 |      12.0055 |     6.48238 |     10.41638 |     12.0055 |           180 |  1.27501 |          0.05787 |
|                   radiation.sw |      0.02657 |       0.07521 |      0.13542 |     0.02657 |      0.07521 |     0.13542 |           180 |  0.00921 |          0.00042 |
|       runtime_constants.dycore |      4.70089 |       6.27576 |      6.59055 |     4.70089 |       6.2757 |     6.59039 |            13 |  0.76817 |          0.48275 |
|          runtime_constants.fem |      3.77286 |       4.25942 |      4.93928 |     2.54967 |      3.45948 |     3.76679 |            31 |  0.42345 |           0.1374 |
|    runtime_constants.geometric |      1.42711 |         1.576 |      2.05048 |     0.82841 |      1.13131 |     1.17419 |            26 |  0.13848 |          0.06062 |
| runtime_constants.limited_area |      0.06091 |       0.09024 |      0.17574 |     0.00787 |      0.03127 |     0.03929 |            15 |  0.00383 |          0.00602 |
|      runtime_constants.mapping |      0.28039 |       0.37199 |      0.40363 |     0.28039 |      0.37199 |     0.40363 |             1 |  0.04553 |          0.37199 |
|      runtime_constants.physics |      0.72295 |       0.72679 |      0.73115 |      0.0037 |      0.01527 |     0.02059 |             1 |  0.00187 |          0.72679 |
|       runtime_constants.solver |      0.00273 |       0.00668 |      0.01133 |     0.00272 |      0.00665 |      0.0113 |            16 |  0.00081 |          0.00042 |
|    runtime_constants.transport |      0.00649 |       0.00949 |       0.0134 |     0.00647 |      0.00946 |     0.01336 |             4 |  0.00116 |          0.00237 |
|          schur_precon.back_sub |      4.88489 |       7.36473 |      7.86081 |     2.21743 |      6.62282 |     7.22777 |           720 |  0.81066 |          0.01023 |
|   schur_precon.pressure_solver |      36.9525 |      38.84523 |      54.4931 |     8.64932 |     11.51687 |     11.7772 |           720 |  1.40971 |          0.05395 |
|               schur_precon.rhs |      1.65651 |       6.33636 |      7.42596 |       1.646 |      6.30521 |     7.40332 |           720 |  0.77178 |           0.0088 |
|         semi_implicit_timestep |       727.32 |     730.09772 |      738.767 |     12.0816 |     33.28987 |     36.1083 |           180 |  4.07481 |           4.0561 |
|                   slow_physics |      109.452 |      109.5906 |      111.235 |     2.52829 |       3.1137 |      4.8134 |           180 |  0.38113 |          0.60884 |
|                    smagorinsky |      18.7921 |      24.12628 |      31.7684 |     5.44675 |     14.72335 |     17.1858 |           360 |   1.8022 |          0.06702 |
|            solver.mixed_solver |       53.456 |      55.85876 |      61.8235 |     0.64339 |      3.22852 |     3.76298 |           720 |  0.39518 |          0.07758 |
|              stoch_phys.blpert |       0.2121 |         6.717 |      38.3149 |     0.07987 |      0.11923 |     0.18195 |           360 |  0.01459 |          0.01866 |
|      transport.controller_init |      7.95127 |       9.12867 |      17.9227 |     3.92718 |      5.19152 |     15.5233 |           360 |  0.63546 |          0.02536 |
|      transport.ffsl_horizontal |      50.6732 |      53.63185 |      62.1749 |     23.7104 |     37.66576 |     48.2131 |          2340 |  4.61044 |          0.02292 |
|        transport.ffsl_vertical |      15.3481 |      24.57993 |      27.6993 |     13.7743 |     22.00942 |     25.1062 |          7200 |  2.69404 |          0.00341 |
|         transport.flux_precomp |      8.58869 |      11.99598 |      13.2098 |     2.80245 |      5.61277 |     5.88048 |          8460 |  0.68703 |          0.00142 |
|    transport.flux_precomp_init |      0.92256 |       3.31394 |      3.45869 |     0.90467 |      3.28056 |     3.42582 |          3244 |  0.40155 |          0.00102 |
|         transport.hori_dep_pts |      5.06938 |       6.32973 |      7.47363 |      2.2197 |      4.75839 |     5.66214 |          1080 |  0.58245 |          0.00586 |
|        transport.sl_horizontal |      30.7273 |      33.05839 |      42.6916 |     12.8365 |     22.83327 |     25.8626 |          2700 |  2.79488 |          0.01224 |
|          transport.sl_vertical |      23.9983 |      25.96014 |      28.6243 |     3.13953 |      7.73276 |     11.2452 |          2880 |  0.94652 |          0.00901 |
|                 transport.wind |      72.6085 |       75.4814 |      76.4782 |     15.5417 |     26.19702 |     27.6173 |           360 |  3.20662 |          0.20967 |
|         transport.wind_precomp |      10.4758 |      11.65338 |      21.5275 |     6.28794 |      9.15642 |     10.0831 |          2160 |  1.12078 |           0.0054 |
|   transport.wind_precomp_final |      6.67007 |       8.88832 |      13.4973 |     6.67007 |      8.88832 |     13.4973 |          2160 |  1.08797 |          0.00411 |
|    transport.wind_precomp_init |      1.11875 |       4.61392 |      4.88275 |     1.10185 |      4.58992 |     4.85712 |           360 |  0.56182 |          0.01282 |
|                    update_lbcs |      2.26071 |       7.08763 |      8.64138 |     1.88633 |      6.77113 |     8.33893 |           180 |  0.82881 |          0.03938 |
|  xios.close_context_definition |      6.34608 |       6.38196 |      10.4659 |     6.34608 |      6.38196 |     10.4659 |             1 |  0.78118 |          6.38196 |
|          xios.context_finalize |      0.24132 |       0.25027 |      0.30179 |     0.24132 |      0.25027 |     0.30179 |             1 |  0.03063 |          0.25027 |
|           xios.update_calendar |      0.79481 |       1.01177 |      1.50574 |     0.79481 |      1.01177 |     1.50574 |           182 |  0.12385 |          0.00556 |