|                        Routine | Total Min(s) | Total Mean(s) | Total Max(s) | Self Min(s) | Self Mean(s) | Self Max(s) | Max no. calls |   % time | Time per call(s) |
|                  __lfric_atm__ |      987.978 |     988.01212 |      988.018 |     0.00429 |       0.0064 |     0.00965 |             1 |  0.00065 |        988.01212 |
|                      __setup__ |      47.2196 |      47.95908 |      48.4476 |       6e-05 |       0.0005 |     0.00112 |             1 |    5e-05 |         47.95908 |
|                    __vernier__ |      0.31185 |       0.60091 |      0.66729 |     0.31185 |      0.60091 |     0.66729 |        623886 |  0.06082 |              0.0 |
|            aerosol.glomap_clim |      8.89731 |      11.14272 |      11.3608 |     8.89692 |     11.14212 |     11.3602 |           180 |  1.12773 |           0.0619 |
|                 aerosol.radaer |      2.23845 |         2.752 |      2.88258 |     2.23792 |      2.75166 |     2.88221 |             3 |  0.27851 |          0.91733 |
|           aerosol.stratosphere |      0.01771 |       0.04413 |      0.07928 |     0.01771 |      0.04413 |     0.07928 |           180 |  0.00447 |          0.00025 |
|                    bl.explicit |      20.8251 |      38.36427 |      64.3961 |     14.5088 |      17.8719 |     21.9159 |           360 |  1.80887 |          0.10657 |
|                    bl.implicit |      92.5465 |     111.37799 |      129.562 |     85.8234 |    107.83157 |     127.528 |           360 | 10.91399 |          0.30938 |
|                          cloud |      12.8507 |       23.4959 |      33.3956 |     12.8351 |     23.47857 |     33.3773 |           180 |  2.37634 |          0.13053 |
|                   cloud.bm_tau |      3.65709 |       5.36898 |      5.63773 |     3.65709 |      5.36898 |     5.63773 |           180 |  0.54341 |          0.02983 |
|                   diags.bl_exp |      0.02862 |        0.0555 |       0.1062 |     0.00489 |      0.00728 |     0.00933 |           360 |  0.00074 |          0.00015 |
|                   diags.bl_imp |      0.22278 |       0.29466 |      0.32784 |      0.0564 |      0.07633 |     0.09105 |           540 |  0.00773 |          0.00055 |
|                   diags.blpert |      0.00623 |       0.00809 |      0.01453 |       5e-05 |        9e-05 |     0.00024 |           360 |    1e-05 |            2e-05 |
|                    diags.casim |      0.04425 |       0.06195 |      0.08478 |     0.01495 |      0.02329 |     0.03339 |           360 |  0.00236 |          0.00017 |
|                    diags.cloud |      0.06683 |       0.08266 |      0.09677 |     0.05187 |      0.06468 |     0.07651 |           360 |  0.00655 |          0.00023 |
|                 diags.dynamics |       0.0293 |       0.03783 |      0.05964 |     0.02754 |       0.0358 |     0.05648 |           180 |  0.00362 |          0.00021 |
|                 diags.electric |      0.00972 |       0.01153 |      0.01465 |      0.0079 |      0.00899 |     0.01094 |           360 |  0.00091 |            3e-05 |
|              diags.glomap_clim |      0.03034 |       0.04493 |      0.05999 |     0.00072 |      0.00108 |     0.00199 |           180 |  0.00011 |          0.00025 |
|               diags.illuminate |      0.00632 |        0.0084 |      0.01199 |       9e-05 |      0.00016 |     0.00041 |           180 |    2e-05 |            5e-05 |
|                diags.jules_exp |       0.0175 |       0.03328 |      0.04988 |     0.00542 |      0.00656 |     0.00778 |           360 |  0.00066 |            9e-05 |
|                diags.jules_imp |      0.03975 |       0.11712 |      0.15448 |     0.00903 |      0.01223 |     0.01871 |           360 |  0.00124 |          0.00033 |
|             diags.jules_seaice |      0.00491 |       0.00919 |      0.01479 |     0.00233 |       0.0041 |       0.008 |           180 |  0.00041 |            5e-05 |
|               diags.jules_snow |      0.01083 |       0.02399 |      0.05463 |     0.00529 |      0.00645 |     0.00822 |           360 |  0.00065 |            7e-05 |
|               diags.jules_soil |      0.01391 |        0.0303 |      0.07858 |     0.00774 |      0.00889 |     0.01059 |           360 |   0.0009 |            8e-05 |
|        diags.locate_tropopause |      0.00168 |       0.00388 |      0.00486 |       1e-05 |        2e-05 |       4e-05 |           180 |      0.0 |            2e-05 |
|             diags.microphysics |      0.03337 |       0.04391 |      0.07018 |     0.00015 |      0.00027 |     0.00065 |           180 |    3e-05 |          0.00024 |
|                     diags.pmsl |      0.20381 |       0.21166 |       0.2521 |     0.12187 |      0.16188 |     0.17826 |           180 |  0.01638 |          0.00118 |
|             diags.pressure_lev |      0.02198 |       0.02854 |      0.03121 |     0.02105 |      0.02763 |     0.03026 |           180 |   0.0028 |          0.00016 |
|                   diags.radaer |       0.0003 |       0.00036 |      0.00121 |     0.00029 |      0.00034 |     0.00119 |             9 |    3e-05 |            4e-05 |
|                diags.radiation |      0.19783 |       0.22943 |      0.26261 |     0.10613 |      0.12415 |     0.14198 |           360 |  0.01257 |          0.00064 |
|              diags.smagorinsky |      0.00695 |       0.01785 |      0.02033 |     0.00017 |      0.00056 |     0.00091 |           360 |    6e-05 |            5e-05 |
|  dynamics.compute_si_operators |      62.4921 |      63.33148 |      71.1218 |       34.33 |     52.70076 |      55.667 |           180 |  5.33402 |          0.35184 |
|       dynamics.phys_predictors |      31.9308 |      32.56499 |       33.981 |     1.00516 |      3.40362 |     3.84603 |           360 |  0.34449 |          0.09046 |
|               dynamics.rhs_alg |      36.0817 |      37.57287 |      42.0149 |     14.9972 |      31.5689 |     33.1523 |           900 |  3.19519 |          0.04175 |
|               dynamics.rhs_lbc |       4.4168 |       5.03976 |      5.18446 |     1.64885 |      4.31782 |     4.54957 |           180 |  0.43702 |            0.028 |
|                dynamics.solver |      72.1898 |      72.99873 |      74.3331 |     4.89417 |      17.2902 |     18.3866 |           720 |     1.75 |          0.10139 |
|             dynamics.transport |      204.609 |     205.70357 |      209.725 |     11.7562 |     19.12816 |      21.834 |           360 |  1.93602 |           0.5714 |
|  dynamics.transport_predictors |       15.533 |      15.83583 |      16.4567 |     0.20039 |      0.86926 |     0.97922 |           180 |  0.08798 |          0.08798 |
|                       electric |        1.033 |       1.17746 |      1.33051 |     0.44092 |      0.56358 |     0.73061 |           180 |  0.05704 |          0.00654 |
|                   fast_physics |      152.936 |     153.26941 |      156.272 |     3.02501 |      3.54928 |      4.0895 |           360 |  0.35923 |          0.42575 |
|                field.halo_ex_1 |      58.3313 |     100.06861 |      294.107 |     26.9632 |     68.54599 |     260.754 |         46354 |  6.93778 |          0.00216 |
|                field.halo_ex_2 |      1.20279 |       1.94752 |      6.69533 |      0.6399 |      1.09646 |     5.21732 |          1986 |  0.11098 |          0.00098 |
|                field.halo_ex_3 |      0.33596 |       0.36733 |      0.65601 |     0.04763 |       0.0784 |     0.35257 |           100 |  0.00793 |          0.00367 |
|                field.halo_ex_4 |      0.61959 |        0.7463 |      1.56309 |     0.24311 |      0.36348 |      1.1684 |           441 |  0.03679 |          0.00169 |
|                field.halo_ex_5 |      0.79149 |       1.06465 |       2.0951 |     0.31834 |      0.58824 |     1.61714 |           640 |  0.05954 |          0.00166 |
|                field.halo_ex_6 |      0.91274 |       1.00415 |      1.79552 |     0.14589 |      0.23375 |     1.02014 |           220 |  0.02366 |          0.00456 |
|                field.halo_ex_7 |      3.85991 |       5.25105 |      20.1599 |     3.08653 |      4.47464 |     19.4124 |          4645 |  0.45289 |          0.00113 |
|                field.halo_ex_8 |      8.20225 |      12.69081 |      37.2257 |     7.58312 |     12.04638 |      36.661 |         11549 |  1.21926 |           0.0011 |
|               field.initialise |      1.05822 |       2.25428 |      2.54395 |     1.05822 |      2.25428 |     2.54395 |        380425 |  0.22816 |            1e-05 |
|                     field.read |       23.953 |      24.15653 |      24.7195 |       3e-05 |        5e-05 |     0.00054 |            62 |    1e-05 |          0.38962 |
|                    field.write |      0.69125 |       1.00252 |      1.17971 |     0.10448 |      0.14964 |     0.17364 |         37951 |  0.01515 |            3e-05 |
|                 fs.constructor |      0.11336 |       0.16827 |      0.19914 |     0.11336 |      0.16827 |     0.19914 |            73 |  0.01703 |          0.00231 |
|      gungho_diagnostics_driver |      37.6636 |       38.6168 |      39.1657 |     28.1091 |     36.90986 |     37.6055 |           181 |  3.73577 |          0.21335 |
|         gungho_driver.finalise |      0.32757 |       0.33542 |      0.35068 |     0.09302 |      0.11125 |     0.11834 |             1 |  0.01126 |          0.33542 |
|   gungho_driver.first_timestep |      48.0684 |      48.55536 |      49.2929 |       5e-05 |      0.00037 |     0.00048 |             1 |    4e-05 |         48.55536 |
|       gungho_driver.initialise |      47.2194 |      47.95858 |      48.4475 |     5.88595 |      7.38551 |     8.38498 |             1 |  0.74751 |         47.95858 |
|        gungho_driver.mesh_init |      3.81535 |       3.89005 |      3.91534 |     3.81535 |      3.89005 |     3.91534 |             1 |  0.39372 |          3.89005 |
|         gungho_driver.timestep |        889.7 |       889.734 |      890.274 |     0.00188 |      0.00364 |     0.00458 |           179 |  0.00037 |          4.97058 |
|                gungho_timestep |      890.743 |     891.70978 |      899.052 |      0.0158 |      0.03552 |     0.04236 |           180 |   0.0036 |          4.95394 |
|          halo_routing_creation |      34.5928 |        35.652 |      38.0599 |     34.5928 |       35.652 |     38.0599 |         65935 |  3.60846 |          0.00054 |
|                      init_lbcs |      0.72688 |       0.84178 |      1.18122 |     0.16189 |      0.29458 |     0.48403 |             1 |  0.02982 |          0.84178 |
|                 jules.explicit |      1.05022 |       2.94338 |      6.92212 |     1.04356 |      2.93522 |     6.91358 |           180 |  0.29708 |          0.01635 |
|                    jules.extra |      0.04449 |       1.11158 |      3.39355 |     0.02882 |      1.09462 |      3.3758 |           180 |  0.11079 |          0.00618 |
|                 jules.implicit |      0.84629 |       3.26132 |      6.64782 |     0.83612 |      3.24986 |     6.63631 |           720 |  0.32893 |          0.00453 |
|                jules.radiation |      0.72718 |       0.94125 |        1.149 |     0.66189 |      0.83683 |     1.02114 |           180 |   0.0847 |          0.00523 |
|                   leonard_term |      2.36828 |       2.80591 |      6.36472 |     0.84433 |      1.84927 |     2.00385 |           180 |  0.18717 |          0.01559 |
|    lfric_xios.finalise_context |      0.21829 |       0.22416 |      0.25765 |       9e-05 |       0.0001 |     0.00012 |             1 |    1e-05 |          0.22416 |
|        lfric_xios.init_context |      0.58184 |       0.78127 |      1.00666 |     0.54861 |       0.7475 |     0.96153 |             1 |  0.07566 |          0.78127 |
|           lfric_xios.read_fldg |      23.9529 |      24.15645 |       24.719 |     23.8293 |     23.88869 |     23.9202 |            62 |  2.41785 |          0.38962 |
|          lfric_xios.write_fldg |       0.5866 |       0.85262 |      1.02692 |      0.5866 |      0.85262 |     1.02692 |           211 |   0.0863 |          0.00404 |
|              locate_tropopause |      0.06834 |       0.08363 |      0.09534 |      0.0676 |        0.082 |     0.09393 |           180 |   0.0083 |          0.00046 |
|    mappings.map_physics_fields |      25.9962 |      36.02014 |      46.4276 |     24.9616 |     30.43592 |     41.3541 |           181 |  3.08052 |          0.19901 |
|              mappings.set_wind |      28.0707 |      28.72278 |      32.2767 |     0.65576 |      1.93635 |     2.28853 |           180 |  0.19598 |          0.15957 |
|         mass_matrix_solver_alg |      43.8167 |      44.66533 |      49.6952 |     15.8544 |     39.15903 |     41.5265 |          1082 |  3.96341 |          0.04128 |
|             microphysics.casim |      77.6285 |      101.0991 |      117.381 |     77.6056 |     101.0782 |     117.354 |           180 | 10.23046 |          0.56166 |
|    microphysics.casim_activate |      0.05668 |       0.08325 |      0.11509 |     0.05507 |      0.08159 |     0.11298 |           181 |  0.00826 |          0.00046 |
|      mixed_solver.schur_precon |      50.0391 |      51.62253 |      59.0222 |     0.00637 |      0.01265 |     0.01617 |           720 |  0.00128 |           0.0717 |
|  pressure_solver.helmholtz_lhs |      25.0459 |      26.35267 |      43.5789 |     18.3427 |     23.20658 |     23.7545 |         19440 |  2.34882 |          0.00136 |
|           radiation.illuminate |      0.43106 |       0.48202 |      0.54617 |     0.43106 |      0.48202 |     0.54617 |           180 |  0.04879 |          0.00268 |
|                   radiation.lw |      9.30551 |      12.12034 |      13.4372 |     9.30551 |     12.12034 |     13.4372 |           180 |  1.22674 |          0.06734 |
|                   radiation.sw |      0.10355 |       0.13056 |      0.17341 |     0.10355 |      0.13056 |     0.17341 |           180 |  0.01321 |          0.00073 |
|       runtime_constants.dycore |      4.70246 |       6.10074 |      6.21284 |     4.70246 |      6.10062 |     6.21262 |            13 |  0.61746 |          0.46929 |
|          runtime_constants.fem |      3.84007 |       4.46226 |      5.17559 |     2.56216 |      3.35157 |     3.50349 |            31 |  0.33922 |          0.14394 |
|    runtime_constants.geometric |       1.8573 |       2.05907 |      2.31354 |     0.83819 |      1.10017 |     1.13763 |            26 |  0.11135 |           0.0792 |
| runtime_constants.limited_area |      0.22767 |       0.32148 |      0.41776 |     0.02776 |      0.14522 |     0.30532 |            15 |   0.0147 |          0.02143 |
|      runtime_constants.mapping |      0.28794 |        0.3674 |      0.38153 |     0.28794 |       0.3674 |     0.38153 |             1 |  0.03719 |           0.3674 |
|      runtime_constants.physics |      1.61936 |       1.62362 |      1.62995 |     0.00652 |      0.01297 |     0.02098 |             1 |  0.00131 |          1.62362 |
|       runtime_constants.solver |       0.0108 |       0.01515 |      0.04719 |     0.01076 |      0.01512 |     0.04715 |            16 |  0.00153 |          0.00095 |
|    runtime_constants.transport |      0.01028 |       0.01344 |      0.01553 |     0.01025 |      0.01339 |     0.01548 |             4 |  0.00136 |          0.00336 |
|          schur_precon.back_sub |      4.77508 |       7.09878 |      7.43991 |     2.19074 |      6.34492 |     6.61011 |           720 |  0.64219 |          0.00986 |
|   schur_precon.pressure_solver |      36.6062 |      37.85493 |      52.3318 |      8.7277 |     11.46282 |     11.6934 |           720 |  1.16019 |          0.05258 |
|               schur_precon.rhs |      1.90498 |       6.64741 |      7.26178 |     1.89619 |      6.61293 |     7.22625 |           720 |  0.66932 |          0.00923 |
|         semi_implicit_timestep |      890.703 |     891.67359 |      899.036 |     12.4593 |     33.38322 |     35.3175 |           180 |  3.37883 |          4.95374 |
|                   slow_physics |      211.256 |     211.35549 |      212.978 |     2.41684 |      2.73386 |     3.92763 |           180 |   0.2767 |           1.1742 |
|                    smagorinsky |      18.4655 |      23.15737 |      27.6326 |      5.8353 |     16.32967 |      17.283 |           360 |  1.65278 |          0.06433 |
|            solver.mixed_solver |      53.6842 |      54.91698 |      59.8713 |     0.82799 |      3.23531 |     3.60965 |           720 |  0.32746 |          0.07627 |
|              stoch_phys.blpert |      0.39548 |      13.75969 |      40.5954 |     0.11189 |      0.16498 |      0.2091 |           360 |   0.0167 |          0.03822 |
|      transport.controller_init |      7.83336 |       8.73228 |      16.8146 |     4.16869 |      5.12627 |     14.5427 |           360 |  0.51885 |          0.02426 |
|      transport.ffsl_horizontal |      49.8147 |      53.41491 |      63.5589 |     28.2395 |     38.51575 |     47.6332 |          2419 |  3.89831 |          0.02208 |
|        transport.ffsl_vertical |      15.2888 |      25.04844 |      26.9715 |     13.6116 |     22.42132 |     24.2295 |          7072 |  2.26934 |          0.00354 |
|         transport.flux_precomp |      8.81372 |      11.92652 |      12.8568 |     2.89343 |      5.77004 |     6.12518 |          8477 |  0.58401 |          0.00141 |
|    transport.flux_precomp_init |       0.9459 |        3.2555 |      3.49163 |     0.92913 |      3.21709 |     3.45145 |          3201 |  0.32561 |          0.00102 |
|         transport.hori_dep_pts |      5.06746 |       6.09102 |      6.95657 |      2.4255 |      4.39029 |     4.69842 |          1118 |  0.44436 |          0.00545 |
|        transport.sl_horizontal |      33.5043 |      34.97871 |      43.8511 |     13.4903 |     23.57733 |     25.4037 |          2801 |  2.38634 |          0.01249 |
|          transport.sl_vertical |      25.6338 |      26.89426 |      28.2982 |     3.80424 |      7.62256 |      8.5185 |          2828 |   0.7715 |          0.00951 |
|                 transport.wind |      75.5488 |      78.32627 |      78.6335 |      16.015 |     26.07768 |     27.4772 |           360 |  2.63941 |          0.21757 |
|         transport.wind_precomp |      11.4556 |      12.84042 |      21.9974 |     6.84477 |      9.60792 |     10.3371 |          2160 |  0.97245 |          0.00594 |
|   transport.wind_precomp_final |      6.69198 |       7.44822 |      8.24404 |     6.69198 |      7.44822 |     8.24404 |          2160 |  0.75386 |          0.00345 |
|    transport.wind_precomp_init |      1.14707 |       4.52655 |      5.09882 |     1.13182 |      4.49459 |     5.04882 |           360 |  0.45491 |          0.01257 |
|                    update_lbcs |      3.65545 |       8.67406 |       9.2193 |     3.28811 |      8.33553 |     8.88097 |           180 |  0.84367 |          0.04819 |
|  xios.close_context_definition |      6.82994 |        6.8348 |       6.8353 |     6.82994 |       6.8348 |      6.8353 |             1 |  0.69177 |           6.8348 |
|          xios.context_finalize |      0.21818 |       0.22406 |      0.25754 |     0.21818 |      0.22406 |     0.25754 |             1 |  0.02268 |          0.22406 |
|           xios.update_calendar |      0.85936 |       1.45322 |      1.49761 |     0.85936 |      1.45322 |     1.49761 |           182 |  0.14709 |          0.00798 |