|                        Routine | Total Min(s) | Total Mean(s) | Total Max(s) | Self Min(s) | Self Mean(s) | Self Max(s) | Max no. calls |   % time | Time per call(s) |
|                  __lfric_atm__ |      88.1196 |      88.12101 |      88.1236 |      0.0029 |        0.005 |     0.00746 |             1 |  0.00567 |         88.12101 |
|                      __setup__ |      37.6024 |      37.64382 |      37.7261 |       6e-05 |      0.00109 |      0.0035 |             1 |  0.00124 |         37.64382 |
|                    __vernier__ |      0.10822 |       0.12462 |      0.13974 |     0.10822 |      0.12462 |     0.13974 |        624263 |  0.14142 |              0.0 |
|            aerosol.glomap_clim |      0.28492 |       0.34832 |      0.40628 |     0.28456 |       0.3479 |     0.40586 |           180 |   0.3948 |          0.00194 |
|                 aerosol.radaer |      0.06433 |       0.08154 |      0.09232 |     0.06403 |      0.08116 |     0.09182 |             3 |   0.0921 |          0.02718 |
|           aerosol.stratosphere |        0.001 |       0.00193 |      0.00391 |       0.001 |      0.00193 |     0.00391 |           180 |  0.00218 |            1e-05 |
|                    bl.explicit |      0.90449 |       1.40199 |      1.93544 |     0.40503 |      0.51322 |     0.57552 |           360 |   0.5824 |          0.00389 |
|                    bl.implicit |       1.7101 |       2.08599 |      2.47847 |     1.32201 |      1.69254 |      2.1337 |           360 |   1.9207 |          0.00579 |
|                          cloud |      0.14826 |       0.33098 |      0.54364 |      0.1395 |      0.32172 |     0.53487 |           180 |  0.36509 |          0.00184 |
|                   cloud.bm_tau |      0.05188 |        0.0675 |      0.08071 |     0.05188 |       0.0675 |     0.08071 |           180 |   0.0766 |          0.00038 |
|                   diags.bl_exp |      0.01529 |       0.01652 |      0.01908 |      0.0039 |      0.00446 |     0.00537 |           360 |  0.00506 |            5e-05 |
|                   diags.bl_imp |      0.06392 |        0.1006 |       1.4906 |     0.04988 |      0.05646 |     0.06102 |           540 |  0.06407 |          0.00019 |
|                   diags.blpert |      0.00283 |       0.00332 |      0.00396 |       4e-05 |        5e-05 |       9e-05 |           360 |    5e-05 |            1e-05 |
|                    diags.casim |      0.01853 |       0.02149 |      0.02434 |     0.00953 |      0.01153 |     0.01324 |           360 |  0.01309 |            6e-05 |
|                    diags.cloud |      0.04113 |        0.0509 |      0.20999 |      0.0375 |        0.043 |     0.04772 |           360 |  0.04879 |          0.00014 |
|                 diags.dynamics |      0.02706 |       0.03102 |      0.03509 |     0.02569 |      0.02939 |     0.03339 |           180 |  0.03335 |          0.00017 |
|                 diags.electric |      0.00816 |       0.00939 |      0.01115 |      0.0071 |      0.00819 |     0.00993 |           360 |  0.00929 |            3e-05 |
|              diags.glomap_clim |      0.01601 |       0.01966 |      0.02314 |     0.00034 |      0.00072 |     0.00227 |           180 |  0.00082 |          0.00011 |
|               diags.illuminate |      0.00334 |       0.00365 |      0.00395 |       5e-05 |        7e-05 |     0.00014 |           180 |    8e-05 |            2e-05 |
|                diags.jules_exp |       0.0119 |       0.01358 |      0.01595 |     0.00547 |      0.00609 |     0.00684 |           360 |  0.00691 |            4e-05 |
|                diags.jules_imp |      0.00987 |       0.02183 |       0.1863 |     0.00616 |      0.00706 |      0.0083 |           360 |  0.00801 |            6e-05 |
|             diags.jules_seaice |      0.00277 |       0.00342 |      0.00455 |     0.00037 |      0.00058 |     0.00121 |           180 |  0.00066 |            2e-05 |
|               diags.jules_snow |      0.00676 |       0.40164 |       1.7826 |     0.00323 |      0.00361 |      0.0044 |           360 |   0.0041 |          0.00112 |
|               diags.jules_soil |      0.01022 |       0.10106 |      1.77857 |     0.00548 |      0.00619 |     0.00715 |           360 |  0.00703 |          0.00028 |
|        diags.locate_tropopause |       0.0012 |       0.00135 |      0.00165 |       1e-05 |        2e-05 |       5e-05 |           180 |    2e-05 |            1e-05 |
|             diags.microphysics |      0.01017 |        0.0115 |      0.01333 |       6e-05 |        8e-05 |     0.00016 |           180 |    9e-05 |            6e-05 |
|                     diags.pmsl |       0.0674 |        1.1326 |      1.81095 |     0.01349 |      0.02221 |     0.03046 |           180 |   0.0252 |          0.00629 |
|             diags.pressure_lev |      0.01898 |       0.02295 |       0.0256 |     0.01831 |      0.02212 |     0.02474 |           180 |  0.02511 |          0.00013 |
|                   diags.radaer |      0.00026 |       0.00049 |      0.00151 |     0.00025 |      0.00047 |     0.00149 |             9 |  0.00054 |            5e-05 |
|                diags.radiation |      0.28896 |       0.39559 |      0.64338 |     0.10269 |      0.11741 |     0.13045 |           360 |  0.13324 |           0.0011 |
|              diags.smagorinsky |      0.00375 |       0.00425 |      0.00494 |       5e-05 |        6e-05 |     0.00011 |           360 |    7e-05 |            1e-05 |
|  dynamics.compute_si_operators |      2.75671 |       2.90207 |       2.9805 |     1.27478 |      1.85572 |     1.94479 |           180 |  2.10587 |          0.01612 |
|       dynamics.phys_predictors |       0.4201 |       1.67989 |       5.3891 |      0.0326 |      0.03751 |     0.05219 |           360 |  0.04257 |          0.00467 |
|               dynamics.rhs_alg |      0.86102 |       1.85059 |      4.88188 |     0.56908 |      0.64708 |     0.69794 |           900 |  0.73431 |          0.00206 |
|               dynamics.rhs_lbc |      0.12001 |       0.13276 |      0.14729 |     0.07981 |      0.09248 |     0.10606 |           180 |  0.10495 |          0.00074 |
|                dynamics.solver |      2.03166 |        2.0982 |       2.1411 |     0.21721 |      0.24329 |     0.26045 |           720 |  0.27608 |          0.00291 |
|             dynamics.transport |      18.5241 |      19.45858 |      23.2964 |     0.66839 |      0.72556 |     0.90478 |           360 |  0.82337 |          0.05405 |
|  dynamics.transport_predictors |        0.252 |       0.27244 |      0.28652 |     0.00773 |       0.0104 |     0.01492 |           180 |   0.0118 |          0.00151 |
|                       electric |       0.1339 |       0.14477 |      0.16695 |     0.01605 |      0.02085 |     0.02744 |           180 |  0.02366 |           0.0008 |
|                   fast_physics |      5.16791 |       8.45943 |      9.90863 |     0.39039 |      1.68955 |     4.42317 |           360 |  1.91731 |           0.0235 |
|                field.halo_ex_1 |      6.50744 |      11.43333 |      15.3934 |     5.02738 |      9.88785 |     13.7332 |         46335 | 11.22077 |          0.00025 |
|                field.halo_ex_2 |      0.24395 |       0.60977 |      4.03778 |      0.1753 |      0.47778 |      3.8948 |          1986 |  0.54219 |          0.00031 |
|                field.halo_ex_6 |      0.37276 |       0.39344 |       0.4165 |     0.13212 |      0.15357 |     0.17597 |           365 |  0.17427 |          0.00108 |
|                field.halo_ex_7 |      1.52461 |       1.79844 |      1.92827 |     1.30209 |      1.58309 |       1.711 |          5084 |   1.7965 |          0.00035 |
|                field.halo_ex_8 |      3.42723 |       4.81869 |      6.01171 |     3.35827 |      4.74527 |     5.93802 |         11549 |  5.38495 |          0.00042 |
|               field.initialise |      0.23564 |       0.27732 |      0.30675 |     0.23564 |      0.27732 |     0.30675 |        382052 |   0.3147 |              0.0 |
|                     field.read |      27.2657 |      27.55925 |      27.5915 |       2e-05 |        7e-05 |      0.0007 |            62 |    8e-05 |           0.4445 |
|                    field.write |       0.3224 |       1.06254 |      4.07549 |     0.08057 |      0.09011 |     0.09844 |         37951 |  0.10226 |            3e-05 |
|                 fs.constructor |       0.0068 |       0.01231 |      0.01562 |      0.0068 |      0.01231 |     0.01562 |            71 |  0.01397 |          0.00017 |
|      gungho_diagnostics_driver |      3.05104 |       3.13497 |      3.30249 |     0.91058 |       1.1185 |     1.30603 |           181 |  1.26928 |          0.01732 |
|         gungho_driver.finalise |      0.50312 |       0.56746 |      0.57069 |      0.0194 |      0.08341 |     0.09049 |             1 |  0.09465 |          0.56746 |
|   gungho_driver.first_timestep |       2.7657 |       2.84821 |      2.88951 |       2e-05 |        5e-05 |      0.0003 |             1 |    5e-05 |          2.84821 |
|       gungho_driver.initialise |      37.6006 |      37.64273 |       37.726 |     0.70522 |      0.88499 |     0.96949 |             1 |  1.00429 |         37.64273 |
|        gungho_driver.mesh_init |      0.58311 |       0.60149 |       0.6194 |     0.58311 |      0.60149 |      0.6194 |             1 |  0.68257 |          0.60149 |
|         gungho_driver.timestep |      46.0842 |      46.09533 |      46.1654 |     0.00136 |      0.00168 |     0.00239 |           179 |   0.0019 |          0.25752 |
|                gungho_timestep |      45.5487 |      45.68541 |      45.8048 |     0.00781 |      0.00916 |     0.01133 |           180 |   0.0104 |          0.25381 |
|          halo_routing_creation |      2.03991 |       2.19377 |      2.38211 |     2.03991 |      2.19377 |     2.38211 |         65319 |   2.4895 |            3e-05 |
|                      init_lbcs |      0.05484 |       0.09268 |      0.11908 |     0.00261 |      0.01138 |     0.03397 |             1 |  0.01292 |          0.09268 |
|                 jules.explicit |      0.13734 |         0.274 |       0.5452 |     0.13063 |      0.26671 |     0.53794 |           180 |  0.30266 |          0.00152 |
|                    jules.extra |      0.02112 |       0.07879 |      0.21491 |     0.01161 |      0.06857 |     0.20391 |           180 |  0.07782 |          0.00044 |
|                 jules.implicit |      0.22372 |       0.30322 |      0.44547 |     0.21713 |      0.29596 |       0.438 |           720 |  0.33585 |          0.00042 |
|                jules.radiation |       0.0293 |       0.04978 |      0.06846 |     0.02622 |      0.04606 |     0.06467 |           180 |  0.05227 |          0.00028 |
|                   leonard_term |      0.10672 |       0.26897 |      0.62156 |     0.03421 |       0.0415 |     0.04829 |           180 |  0.04709 |          0.00149 |
|    lfric_xios.finalise_context |      0.48004 |       0.48404 |      0.48505 |       1e-05 |        7e-05 |     0.00012 |             1 |    8e-05 |          0.48404 |
|        lfric_xios.init_context |      0.07739 |       0.16223 |      0.31651 |     0.04801 |      0.13607 |     0.29339 |             1 |  0.15442 |          0.16223 |
|           lfric_xios.read_fldg |      27.2656 |      27.55917 |      27.5915 |     27.2539 |     27.54187 |     27.5478 |            62 | 31.25461 |           0.4445 |
|          lfric_xios.write_fldg |      0.23134 |       0.97236 |      3.98582 |     0.23134 |      0.97236 |     3.98582 |           211 |  1.10343 |          0.00461 |
|              locate_tropopause |      0.00415 |       0.00504 |      0.00671 |     0.00384 |      0.00469 |      0.0063 |           180 |  0.00532 |            3e-05 |
|    mappings.map_physics_fields |      1.36578 |       1.61267 |      1.80683 |     1.19889 |      1.46867 |     1.71238 |           181 |  1.66665 |          0.00891 |
|              mappings.set_wind |      0.14819 |       0.22483 |       0.5021 |     0.01417 |      0.02571 |     0.03764 |           180 |  0.02918 |          0.00125 |
|         mass_matrix_solver_alg |      0.65422 |       1.91929 |       5.6295 |     0.37508 |      0.43514 |     0.46976 |          1082 |   0.4938 |          0.00177 |
|             microphysics.casim |      1.26039 |       1.65028 |      2.08438 |     1.24973 |      1.63951 |      2.0737 |           180 |  1.86053 |          0.00917 |
|    microphysics.casim_activate |      0.00351 |       0.00482 |        0.008 |     0.00238 |      0.00366 |     0.00685 |           181 |  0.00415 |            3e-05 |
|      mixed_solver.schur_precon |      1.70021 |       1.76182 |      1.81045 |     0.00112 |      0.00138 |     0.00175 |           720 |  0.00156 |          0.00245 |
|  pressure_solver.helmholtz_lhs |      1.08775 |       1.14877 |      1.22362 |     0.58577 |      0.64561 |     0.68122 |         19440 |  0.73264 |            6e-05 |
|           radiation.illuminate |       0.0149 |       0.01899 |        0.024 |      0.0149 |      0.01899 |       0.024 |           180 |  0.02155 |          0.00011 |
|                   radiation.lw |      0.21024 |       0.35036 |      0.44642 |     0.21024 |      0.35036 |     0.44642 |           180 |  0.39759 |          0.00195 |
|                   radiation.sw |      0.00452 |       0.01122 |      0.02084 |     0.00452 |      0.01122 |     0.02084 |           180 |  0.01274 |            6e-05 |
|       runtime_constants.dycore |      0.15621 |       0.23614 |       0.2752 |     0.15621 |      0.23614 |     0.27519 |            13 |  0.26797 |          0.01816 |
|          runtime_constants.fem |      0.20506 |       0.29901 |      0.34324 |     0.08737 |      0.12813 |     0.13922 |            31 |   0.1454 |          0.00965 |
|    runtime_constants.geometric |      0.19185 |       0.23424 |      0.31842 |     0.02929 |      0.04201 |      0.0482 |            26 |  0.04767 |          0.00901 |
| runtime_constants.limited_area |      0.02654 |       0.03552 |      0.04197 |     0.00119 |      0.00477 |     0.00867 |            15 |  0.00541 |          0.00237 |
|      runtime_constants.mapping |      0.00916 |       0.01275 |      0.01533 |     0.00916 |      0.01275 |     0.01533 |             1 |  0.01447 |          0.01275 |
|      runtime_constants.physics |       0.2526 |       0.26002 |      0.26898 |     0.00024 |      0.00392 |     0.00754 |             1 |  0.00444 |          0.26002 |
|       runtime_constants.solver |      0.00029 |        0.0005 |      0.00163 |     0.00029 |      0.00049 |     0.00162 |            16 |  0.00056 |            3e-05 |
|    runtime_constants.transport |      0.00032 |       0.00129 |      0.00362 |      0.0003 |      0.00126 |     0.00358 |             4 |  0.00143 |          0.00032 |
|          schur_precon.back_sub |      0.13541 |       0.17062 |      0.18716 |     0.04887 |      0.06154 |     0.07058 |           720 |  0.06983 |          0.00024 |
|   schur_precon.pressure_solver |      1.44129 |       1.50326 |      1.55577 |     0.31488 |      0.34663 |      0.3559 |           720 |  0.39336 |          0.00209 |
|               schur_precon.rhs |      0.07183 |       0.08538 |      0.09452 |     0.07044 |      0.08383 |     0.09262 |           720 |  0.09513 |          0.00012 |
|         semi_implicit_timestep |      45.5404 |      45.67606 |      45.7963 |     0.66828 |      0.71906 |     0.75823 |           180 |  0.81599 |          0.25376 |
|                   slow_physics |      5.86548 |       5.93159 |      6.04709 |     0.40967 |      0.57133 |     0.94999 |           180 |  0.64834 |          0.03295 |
|                    smagorinsky |      0.76084 |       2.77331 |      6.24246 |     0.16242 |      0.19453 |     0.22715 |           360 |  0.22075 |           0.0077 |
|            solver.mixed_solver |      1.75037 |       1.81188 |       1.8571 |     0.03814 |      0.04343 |     0.04877 |           720 |  0.04929 |          0.00252 |
|              stoch_phys.blpert |      0.12608 |       1.27169 |       4.7205 |     0.02817 |      0.03445 |     0.04222 |           360 |  0.03909 |          0.00353 |
|      transport.controller_init |      0.71853 |       0.74918 |      0.80801 |     0.48615 |      0.52768 |     0.67765 |           360 |  0.59882 |          0.00208 |
|      transport.ffsl_horizontal |      3.40431 |       3.67128 |      3.74712 |     0.83171 |      0.88367 |      1.0795 |          2340 |   1.0028 |          0.00157 |
|        transport.ffsl_vertical |      0.59302 |       0.62679 |      0.68158 |     0.49495 |      0.52569 |     0.57786 |          7200 |  0.59656 |            9e-05 |
|         transport.flux_precomp |       0.6352 |       0.80687 |      0.85735 |     0.12967 |      0.14049 |     0.14929 |          8460 |  0.15942 |           0.0001 |
|    transport.flux_precomp_init |       0.0667 |       0.07313 |      0.08141 |     0.06083 |      0.06655 |     0.07411 |          3240 |  0.07552 |            2e-05 |
|         transport.hori_dep_pts |      0.48341 |       0.65429 |       0.7051 |     0.08429 |      0.09064 |     0.10459 |          1080 |  0.10286 |          0.00061 |
|        transport.sl_horizontal |      3.54756 |       4.11693 |      4.20973 |     0.40171 |      0.45459 |     0.47418 |          2700 |  0.51587 |          0.00152 |
|          transport.sl_vertical |      0.89267 |       0.96839 |      1.26677 |     0.11291 |      0.12503 |     0.16581 |          2880 |  0.14188 |          0.00034 |
|                 transport.wind |      4.64418 |       4.76288 |      4.82926 |     0.58156 |      0.72645 |     0.80144 |           360 |  0.82438 |          0.01323 |
|         transport.wind_precomp |      0.62772 |       0.70468 |      0.97721 |     0.21549 |      0.25376 |     0.26926 |          2160 |  0.28797 |          0.00033 |
|   transport.wind_precomp_final |      6.64219 |        7.4279 |      11.2772 |     6.64219 |       7.4279 |     11.2772 |          2160 |  8.42921 |          0.00344 |
|    transport.wind_precomp_init |      0.07672 |       0.08936 |      0.11719 |     0.07085 |      0.08287 |     0.10992 |           360 |  0.09404 |          0.00025 |
|                    update_lbcs |      0.14572 |       0.17161 |      0.18064 |     0.13204 |       0.1555 |      0.1643 |           180 |  0.17646 |          0.00095 |
|  xios.close_context_definition |      7.80165 |       7.80475 |      8.09153 |     7.80165 |      7.80475 |     8.09153 |             1 |  8.85685 |          7.80475 |
|          xios.context_finalize |      0.47996 |       0.48397 |      0.48498 |     0.47996 |      0.48397 |     0.48498 |             1 |  0.54921 |          0.48397 |
|           xios.update_calendar |      0.94751 |       0.96239 |      1.08786 |     0.94751 |      0.96239 |     1.08786 |           182 |  1.09213 |          0.00529 |