|                        Routine | Total Min(s) | Total Mean(s) | Total Max(s) | Self Min(s) | Self Mean(s) | Self Max(s) | Max no. calls |   % time | Time per call(s) |
|                  __lfric_atm__ |      103.046 |      103.0493 |      103.052 |     0.00392 |       0.0099 |     0.01344 |             1 |  0.00961 |         103.0493 |
|                      __setup__ |      46.4147 |      46.44127 |      46.6058 |       7e-05 |      0.00293 |     0.00897 |             1 |  0.00285 |         46.44127 |
|                    __vernier__ |      0.11133 |       0.14377 |      0.15915 |     0.11133 |      0.14377 |     0.15915 |        645070 |  0.13952 |              0.0 |
|            aerosol.glomap_clim |      0.27467 |       0.36629 |      0.42896 |     0.27421 |      0.36579 |     0.42844 |           180 |  0.35497 |          0.00203 |
|                 aerosol.radaer |      0.06631 |       0.08428 |      0.09713 |       0.066 |      0.08381 |     0.09676 |             3 |  0.08133 |          0.02809 |
|           aerosol.stratosphere |      0.00106 |       0.00202 |       0.0043 |     0.00106 |      0.00202 |      0.0043 |           180 |  0.00196 |            1e-05 |
|                    bl.explicit |      0.98425 |       1.45679 |      2.96919 |     0.30671 |      0.43407 |     0.51484 |           360 |  0.42122 |          0.00405 |
|                    bl.implicit |      1.34433 |       1.79386 |      2.09333 |     1.04524 |      1.38133 |     1.68077 |           360 |  1.34046 |          0.00498 |
|                          cloud |      0.11766 |       0.21347 |      0.33094 |     0.10719 |       0.2035 |     0.32122 |           180 |  0.19748 |          0.00119 |
|                   cloud.bm_tau |      0.03703 |       0.05214 |      0.06369 |     0.03703 |      0.05214 |     0.06369 |           180 |   0.0506 |          0.00029 |
|                   diags.bl_exp |      0.01533 |       0.01881 |      0.02152 |     0.00399 |      0.00513 |     0.00752 |           360 |  0.00498 |            5e-05 |
|                   diags.bl_imp |      0.05986 |       0.07702 |       0.0837 |     0.05008 |      0.06439 |     0.07111 |           540 |  0.06249 |          0.00014 |
|                   diags.blpert |      0.00276 |       0.00369 |      0.00465 |       4e-05 |        5e-05 |     0.00012 |           360 |    5e-05 |            1e-05 |
|                    diags.casim |      0.01927 |       0.02489 |      0.03115 |     0.01034 |      0.01307 |     0.01661 |           360 |  0.01268 |            7e-05 |
|                    diags.cloud |      0.04075 |       0.05603 |      0.06083 |     0.03745 |      0.04821 |     0.05329 |           360 |  0.04678 |          0.00016 |
|                 diags.dynamics |      0.02708 |       0.03372 |      0.03804 |     0.02565 |      0.03198 |     0.03628 |           180 |  0.03104 |          0.00019 |
|                 diags.electric |       0.0085 |       0.01151 |      0.01523 |     0.00737 |      0.01011 |     0.01378 |           360 |  0.00981 |            3e-05 |
|              diags.glomap_clim |      0.01742 |       0.02169 |      0.02792 |     0.00041 |      0.00095 |     0.00321 |           180 |  0.00092 |          0.00012 |
|               diags.illuminate |      0.00333 |       0.00425 |      0.00476 |       5e-05 |        8e-05 |     0.00012 |           180 |    7e-05 |            2e-05 |
|                diags.jules_exp |      0.40148 |       0.59296 |      1.77724 |      0.0057 |      0.00706 |     0.00913 |           360 |  0.00685 |          0.00165 |
|                diags.jules_imp |      0.00985 |       0.01323 |      0.01663 |     0.00614 |      0.00822 |     0.01167 |           360 |  0.00797 |            4e-05 |
|             diags.jules_seaice |       0.0027 |       0.00384 |      0.00582 |     0.00034 |      0.00067 |     0.00259 |           180 |  0.00065 |            2e-05 |
|               diags.jules_snow |      0.00658 |       0.00839 |      0.00964 |     0.00316 |      0.00399 |     0.00518 |           360 |  0.00387 |            2e-05 |
|               diags.jules_soil |      0.00998 |       0.01303 |      0.01473 |     0.00538 |      0.00711 |     0.00879 |           360 |   0.0069 |            4e-05 |
|        diags.locate_tropopause |      0.00122 |       0.00158 |      0.00215 |       1e-05 |        2e-05 |       8e-05 |           180 |    2e-05 |            1e-05 |
|             diags.microphysics |       0.0102 |        0.0136 |      0.01778 |       6e-05 |        9e-05 |     0.00015 |           180 |    8e-05 |            8e-05 |
|                     diags.pmsl |       0.0997 |       0.41482 |      0.48283 |     0.01179 |      0.02689 |     0.04332 |           180 |   0.0261 |           0.0023 |
|             diags.pressure_lev |      0.01914 |       0.02415 |      0.02824 |     0.01843 |      0.02329 |     0.02736 |           180 |   0.0226 |          0.00013 |
|                   diags.radaer |      0.00027 |       0.00075 |      0.00292 |     0.00025 |      0.00073 |     0.00291 |             9 |  0.00071 |            8e-05 |
|                diags.radiation |       0.1319 |       0.17108 |       0.2541 |      0.1063 |      0.13745 |     0.14799 |           360 |  0.13338 |          0.00048 |
|              diags.smagorinsky |      0.00376 |       0.00468 |      0.00579 |       5e-05 |        7e-05 |     0.00012 |           360 |    7e-05 |            1e-05 |
|  dynamics.compute_si_operators |      3.14081 |       3.42837 |      3.57302 |     1.24701 |      2.12548 |     2.25809 |           180 |  2.06259 |          0.01905 |
|       dynamics.phys_predictors |      0.43915 |       2.19874 |      7.34541 |     0.03401 |      0.03945 |     0.05288 |           360 |  0.03828 |          0.00611 |
|               dynamics.rhs_alg |      0.89916 |        2.2065 |      6.33411 |     0.52528 |      0.68212 |     0.75349 |           900 |  0.66194 |          0.00245 |
|               dynamics.rhs_lbc |      0.12166 |       0.13704 |      0.16141 |     0.07251 |      0.09409 |     0.11519 |           180 |   0.0913 |          0.00076 |
|                dynamics.solver |      2.13247 |       2.21636 |      2.27518 |       0.202 |      0.24811 |     0.29201 |           720 |  0.24077 |          0.00308 |
|             dynamics.transport |      20.4864 |      22.86844 |      27.9373 |     0.76843 |      0.82594 |     1.03778 |           360 |   0.8015 |          0.06352 |
|  dynamics.transport_predictors |      0.26834 |        0.2878 |      0.32122 |      0.0079 |      0.01222 |     0.02059 |           180 |  0.01186 |           0.0016 |
|                       electric |      0.21479 |       0.23716 |       0.2741 |     0.01333 |      0.02281 |     0.03219 |           180 |  0.02214 |          0.00132 |
|                   fast_physics |      3.82829 |       8.07958 |      10.2342 |     0.54784 |      2.45443 |     4.97243 |           360 |   2.3818 |          0.02244 |
|                field.halo_ex_1 |      6.30397 |      11.64181 |      17.2864 |     3.97128 |      9.31849 |     14.6465 |         46463 |  9.04275 |          0.00025 |
|                field.halo_ex_2 |      0.27519 |       0.83414 |      5.39533 |     0.18984 |      0.60338 |     5.16105 |          2010 |  0.58552 |          0.00041 |
|                field.halo_ex_3 |      0.08844 |       0.09221 |      0.09556 |     0.00627 |       0.0093 |     0.01318 |            50 |  0.00902 |          0.00184 |
|                field.halo_ex_4 |      0.37354 |       0.41058 |      0.48013 |     0.24163 |      0.28451 |     0.35269 |          1910 |  0.27609 |          0.00021 |
|                field.halo_ex_5 |      0.93816 |       1.09093 |      1.14859 |     0.76444 |       0.9187 |     0.97608 |          5544 |  0.89151 |           0.0002 |
|                field.halo_ex_6 |      0.52355 |        0.5666 |      0.58954 |     0.08866 |      0.13538 |      0.1539 |           299 |  0.13137 |          0.00189 |
|                field.halo_ex_7 |      1.38851 |       1.75178 |      1.91461 |     1.00427 |       1.3789 |     1.53901 |          4016 |   1.3381 |          0.00044 |
|                field.halo_ex_8 |      2.94866 |       3.58769 |      3.85084 |     2.82667 |      3.46424 |     3.72796 |          8959 |  3.36173 |           0.0004 |
|               field.initialise |      0.24897 |       0.31152 |      0.34887 |     0.24897 |      0.31152 |     0.34887 |        394802 |  0.30231 |              0.0 |
|                     field.read |      28.5984 |      29.99049 |       30.039 |       2e-05 |      0.00011 |     0.00276 |            62 |  0.00011 |          0.48372 |
|                    field.write |      0.52353 |       0.79149 |      2.69599 |     0.08189 |      0.10088 |     0.11175 |         37951 |  0.09789 |            2e-05 |
|                 fs.constructor |      0.00718 |       0.01415 |      0.02388 |     0.00718 |      0.01415 |     0.02388 |            73 |  0.01373 |          0.00019 |
|      gungho_diagnostics_driver |      1.66844 |       1.77617 |      2.08166 |     0.97257 |       1.2197 |     1.57127 |           181 |  1.18361 |          0.00981 |
|         gungho_driver.finalise |      0.75918 |       0.75971 |      0.76029 |     0.02241 |      0.02493 |     0.03349 |             1 |  0.02419 |          0.75971 |
|   gungho_driver.first_timestep |      3.99253 |       4.15723 |      4.18561 |       2e-05 |      0.00016 |     0.00174 |             1 |  0.00015 |          4.15723 |
|       gungho_driver.initialise |      46.4087 |      46.43833 |      46.6056 |     0.64342 |       0.8861 |     1.05277 |             1 |  0.85988 |         46.43833 |
|        gungho_driver.mesh_init |      0.87879 |       0.91743 |      0.96029 |     0.87879 |      0.91743 |     0.96029 |             1 |  0.89028 |          0.91743 |
|         gungho_driver.timestep |      48.9006 |      48.91621 |       48.932 |     0.00146 |      0.00179 |     0.00253 |           179 |  0.00174 |          0.27327 |
|                gungho_timestep |      50.8958 |      51.16216 |      51.3152 |     0.00836 |      0.01032 |     0.01314 |           180 |  0.01002 |          0.28423 |
|          halo_routing_creation |      3.65415 |       3.84819 |      4.26108 |     3.65415 |      3.84819 |     4.26108 |         69251 |  3.73431 |            6e-05 |
|                      init_lbcs |      0.09168 |       0.11254 |      0.14844 |     0.00165 |      0.02018 |      0.0565 |             1 |  0.01958 |          0.11254 |
|                 jules.explicit |      0.12995 |       0.25913 |      0.39813 |     0.12239 |      0.24984 |     0.38844 |           180 |  0.24245 |          0.00144 |
|                    jules.extra |      0.01965 |       0.08334 |      0.20352 |     0.01072 |      0.07185 |     0.19157 |           180 |  0.06973 |          0.00046 |
|                 jules.implicit |        0.216 |       0.32069 |      0.43788 |     0.20941 |      0.31245 |     0.42949 |           720 |   0.3032 |          0.00045 |
|                jules.radiation |      0.02959 |       0.06212 |      0.09507 |     0.02628 |      0.05806 |      0.0911 |           180 |  0.05635 |          0.00035 |
|                   leonard_term |      0.10299 |        0.2882 |      1.41342 |     0.03083 |      0.04305 |     0.05374 |           180 |  0.04177 |           0.0016 |
|    lfric_xios.finalise_context |      0.72637 |       0.73478 |      0.73768 |       4e-05 |        7e-05 |       9e-05 |             1 |    7e-05 |          0.73478 |
|        lfric_xios.init_context |      0.12284 |         0.252 |      0.45465 |     0.08973 |      0.22055 |     0.42644 |             1 |  0.21402 |            0.252 |
|           lfric_xios.read_fldg |      28.5984 |      29.99036 |       30.039 |     28.5719 |     29.95205 |     29.9634 |            62 | 29.06575 |          0.48372 |
|          lfric_xios.write_fldg |      0.42352 |       0.69054 |      2.59017 |     0.42352 |      0.69054 |     2.59017 |           211 |   0.6701 |          0.00327 |
|              locate_tropopause |      0.00434 |       0.00549 |      0.00784 |     0.00399 |      0.00512 |     0.00739 |           180 |  0.00497 |            3e-05 |
|    mappings.map_physics_fields |      1.41959 |       1.53614 |      1.65037 |     1.27029 |      1.41584 |     1.56923 |           181 |  1.37395 |          0.00849 |
|              mappings.set_wind |      0.13853 |       0.20068 |      1.09399 |     0.01379 |      0.02303 |     0.03652 |           180 |  0.02235 |          0.00111 |
|         mass_matrix_solver_alg |      0.68333 |       2.45095 |      7.59793 |     0.36544 |      0.46432 |      0.5019 |          1082 |  0.45058 |          0.00227 |
|             microphysics.casim |      0.69038 |       0.96463 |      1.24266 |     0.68027 |      0.95246 |     1.23089 |           180 |  0.92427 |          0.00536 |
|    microphysics.casim_activate |      0.00349 |       0.00434 |      0.00852 |     0.00226 |      0.00307 |     0.00721 |           181 |  0.00298 |            2e-05 |
|      mixed_solver.schur_precon |      1.77907 |       1.86385 |      1.92613 |     0.00105 |      0.00141 |     0.00178 |           720 |  0.00137 |          0.00259 |
|  pressure_solver.helmholtz_lhs |      1.12372 |       1.22775 |      1.37229 |     0.55499 |      0.67363 |     0.75872 |         19440 |  0.65369 |            6e-05 |
|           radiation.illuminate |      0.01376 |       0.01987 |       0.0268 |     0.01376 |      0.01987 |      0.0268 |           180 |  0.01928 |          0.00011 |
|                   radiation.lw |      0.25722 |       0.36848 |      0.48874 |     0.25722 |      0.36848 |     0.48874 |           180 |  0.35758 |          0.00205 |
|                   radiation.sw |      0.00475 |       0.01751 |      0.02631 |     0.00475 |      0.01751 |     0.02631 |           180 |  0.01699 |           0.0001 |
|       runtime_constants.dycore |      0.16549 |       0.26455 |      0.28506 |     0.16549 |      0.26455 |     0.28506 |            13 |  0.25672 |          0.02035 |
|          runtime_constants.fem |      0.28498 |       0.45742 |      0.49426 |     0.09327 |      0.15167 |     0.16781 |            31 |  0.14718 |          0.01476 |
|    runtime_constants.geometric |       0.3025 |       0.34371 |      0.53153 |     0.02914 |      0.04784 |     0.06098 |            26 |  0.04643 |          0.01322 |
| runtime_constants.limited_area |      0.05071 |       0.06776 |      0.08502 |     0.00097 |      0.00874 |     0.01895 |            15 |  0.00848 |          0.00452 |
|      runtime_constants.mapping |      0.00955 |       0.01451 |      0.02337 |     0.00955 |      0.01451 |     0.02337 |             1 |  0.01408 |          0.01451 |
|      runtime_constants.physics |      0.38838 |       0.39665 |      0.40417 |      0.0002 |      0.00685 |     0.01511 |             1 |  0.00664 |          0.39665 |
|       runtime_constants.solver |      0.00021 |       0.00041 |      0.00311 |      0.0002 |      0.00039 |      0.0031 |            16 |  0.00038 |            3e-05 |
|    runtime_constants.transport |       0.0003 |       0.00164 |      0.00605 |     0.00027 |       0.0016 |     0.00601 |             4 |  0.00156 |          0.00041 |
|          schur_precon.back_sub |      0.13196 |       0.18351 |      0.20861 |      0.0481 |      0.06985 |     0.08865 |           720 |  0.06778 |          0.00025 |
|   schur_precon.pressure_solver |      1.49268 |       1.59066 |      1.67571 |     0.28795 |      0.35421 |     0.36765 |           720 |  0.34373 |          0.00221 |
|               schur_precon.rhs |      0.06833 |       0.08681 |      0.09882 |     0.06684 |      0.08514 |     0.09655 |           720 |  0.08262 |          0.00012 |
|         semi_implicit_timestep |      50.8867 |      51.15159 |      51.3057 |     0.67668 |      0.77522 |     0.83044 |           180 |  0.75228 |          0.28418 |
|                   slow_physics |       6.7483 |       6.88099 |      7.16628 |     0.66708 |      1.67352 |     2.39699 |           180 |    1.624 |          0.03823 |
|                    smagorinsky |      0.91527 |       2.81758 |      6.80012 |     0.13895 |      0.19316 |     0.24504 |           360 |  0.18745 |          0.00783 |
|            solver.mixed_solver |       1.8397 |       1.91994 |      1.97683 |     0.03684 |      0.04811 |     0.05617 |           720 |  0.04668 |          0.00267 |
|              stoch_phys.blpert |      0.13286 |       0.81327 |      6.36057 |      0.0251 |      0.03614 |     0.04736 |           360 |  0.03507 |          0.00226 |
|      transport.controller_init |      0.85548 |       0.90424 |      0.97931 |     0.65352 |      0.70837 |     0.86299 |           360 |  0.68741 |          0.00251 |
|      transport.ffsl_horizontal |       3.7626 |       4.07494 |      4.20532 |     1.05954 |      1.16866 |     1.39393 |          2841 |  1.13408 |          0.00143 |
|        transport.ffsl_vertical |      0.61684 |       0.69931 |      0.78739 |     0.48106 |      0.56632 |      0.6459 |          6424 |  0.54956 |          0.00011 |
|         transport.flux_precomp |      0.69875 |       0.90064 |      0.97762 |      0.1298 |      0.15064 |     0.16388 |          8588 |  0.14618 |           0.0001 |
|    transport.flux_precomp_init |      0.07341 |       0.08642 |       0.0978 |     0.06725 |      0.07907 |     0.08945 |          2997 |  0.07673 |            3e-05 |
|         transport.hori_dep_pts |      0.53497 |       0.73515 |      0.80811 |     0.09362 |      0.10837 |     0.12272 |          1320 |  0.10516 |          0.00056 |
|        transport.sl_horizontal |      4.54337 |       5.15349 |      5.34041 |     0.46125 |      0.59174 |     0.62358 |          3347 |  0.57423 |          0.00154 |
|          transport.sl_vertical |      0.92997 |       1.01091 |      1.27582 |     0.09703 |       0.1124 |     0.13728 |          2568 |  0.10908 |          0.00039 |
|                 transport.wind |      5.76017 |       5.96135 |      6.18574 |     0.58354 |      0.83365 |      1.1106 |           360 |  0.80899 |          0.01656 |
|         transport.wind_precomp |      0.65348 |       0.73848 |      1.00122 |      0.2036 |      0.27016 |     0.29526 |          2166 |  0.26217 |          0.00034 |
|   transport.wind_precomp_final |      6.80183 |       8.87903 |      13.9531 |     6.80183 |      8.87903 |     13.9531 |          2160 |  8.61629 |          0.00411 |
|    transport.wind_precomp_init |      0.07762 |       0.10731 |      0.13503 |     0.07087 |      0.09959 |     0.12705 |           360 |  0.09664 |           0.0003 |
|                    update_lbcs |      0.13004 |       0.16086 |       0.1759 |     0.11333 |       0.1447 |     0.15896 |           180 |  0.14042 |          0.00089 |
|  xios.close_context_definition |      13.5136 |      13.51985 |      14.8923 |     13.5136 |     13.51985 |     14.8923 |             1 | 13.11979 |         13.51985 |
|          xios.context_finalize |       0.7263 |       0.73471 |      0.73762 |      0.7263 |      0.73471 |     0.73762 |             1 |  0.71297 |          0.73471 |
|           xios.update_calendar |      2.75227 |       2.76551 |      2.95155 |     2.75227 |      2.76551 |     2.95155 |           182 |  2.68367 |           0.0152 |