|                        Routine | Total Min(s) | Total Mean(s) | Total Max(s) | Self Min(s) | Self Mean(s) | Self Max(s) | Max no. calls |   % time | Time per call(s) |
|                  __lfric_atm__ |      85.6244 |      85.62515 |      85.6258 |     0.00302 |      0.00416 |     0.00542 |             1 |  0.00486 |         85.62515 |
|                      __setup__ |      37.3902 |      37.43086 |      37.4563 |       6e-05 |      0.00049 |     0.00125 |             1 |  0.00057 |         37.43086 |
|                    __vernier__ |      0.10728 |       0.11801 |      0.13847 |     0.10728 |      0.11801 |     0.13847 |        624263 |  0.13782 |              0.0 |
|            aerosol.glomap_clim |       0.2796 |       0.32483 |      0.40381 |     0.27947 |      0.32465 |     0.40365 |           180 |  0.37915 |           0.0018 |
|                 aerosol.radaer |      0.06371 |       0.07988 |      0.12818 |      0.0634 |      0.07957 |     0.12789 |             3 |  0.09293 |          0.02663 |
|           aerosol.stratosphere |      0.00108 |       0.00188 |      0.00306 |     0.00108 |      0.00188 |     0.00306 |           180 |   0.0022 |            1e-05 |
|                    bl.explicit |      1.02536 |        1.8127 |      2.76951 |     0.49108 |      0.57244 |     0.63997 |           360 |  0.66854 |          0.00504 |
|                    bl.implicit |      1.89965 |       2.61613 |      3.30932 |     1.45981 |      2.16382 |     2.95445 |           360 |  2.52709 |          0.00727 |
|                          cloud |      0.20636 |       0.55101 |      0.95044 |     0.19684 |      0.54197 |     0.94172 |           180 |  0.63296 |          0.00306 |
|                   cloud.bm_tau |      0.06348 |       0.08214 |      0.09129 |     0.06348 |      0.08214 |     0.09129 |           180 |  0.09593 |          0.00046 |
|                   diags.bl_exp |      0.01486 |       0.01609 |      0.01746 |     0.00384 |       0.0042 |     0.00476 |           360 |  0.00491 |            4e-05 |
|                   diags.bl_imp |      0.06392 |       0.30933 |      0.56889 |     0.04977 |      0.05357 |     0.05785 |           540 |  0.06256 |          0.00057 |
|                   diags.blpert |      0.00288 |       0.00325 |      0.00374 |       4e-05 |        4e-05 |       8e-05 |           360 |    5e-05 |            1e-05 |
|                    diags.casim |      0.01901 |       0.02062 |      0.02282 |     0.00959 |        0.011 |     0.01237 |           360 |  0.01285 |            6e-05 |
|                    diags.cloud |      0.04564 |       0.17824 |       2.1689 |     0.03767 |      0.04056 |     0.04383 |           360 |  0.04737 |           0.0005 |
|                 diags.dynamics |      0.02694 |       0.02882 |      0.03055 |     0.02552 |       0.0273 |     0.02906 |           180 |  0.03188 |          0.00016 |
|                 diags.electric |      0.00816 |       0.00852 |      0.00954 |     0.00707 |      0.00741 |     0.00844 |           360 |  0.00866 |            2e-05 |
|              diags.glomap_clim |      0.01603 |       0.01859 |      0.02151 |     0.00036 |      0.00058 |     0.00163 |           180 |  0.00068 |           0.0001 |
|               diags.illuminate |      0.00319 |       0.00336 |      0.00372 |       6e-05 |        8e-05 |     0.00014 |           180 |    9e-05 |            2e-05 |
|                diags.jules_exp |       0.0139 |       0.16784 |      0.19273 |     0.00533 |      0.00557 |     0.00607 |           360 |  0.00651 |          0.00047 |
|                diags.jules_imp |       0.0106 |        0.0541 |      0.25945 |     0.00615 |      0.00689 |     0.00838 |           360 |  0.00805 |          0.00015 |
|             diags.jules_seaice |      0.00284 |       0.00366 |      0.00583 |     0.00042 |      0.00055 |     0.00105 |           180 |  0.00065 |            2e-05 |
|               diags.jules_snow |      0.00671 |        0.0423 |      0.43243 |     0.00311 |      0.00336 |     0.00387 |           360 |  0.00393 |          0.00012 |
|               diags.jules_soil |      0.01019 |       0.05357 |      0.47306 |     0.00538 |      0.00579 |     0.00643 |           360 |  0.00676 |          0.00015 |
|        diags.locate_tropopause |      0.00105 |       0.00122 |      0.00156 |       1e-05 |        2e-05 |       4e-05 |           180 |    2e-05 |            1e-05 |
|             diags.microphysics |      0.01032 |       0.01133 |      0.01339 |       6e-05 |       0.0001 |     0.00016 |           180 |  0.00011 |            6e-05 |
|                     diags.pmsl |      0.10322 |       0.14973 |      0.18912 |     0.01479 |      0.02039 |     0.02741 |           180 |  0.02381 |          0.00083 |
|             diags.pressure_lev |      0.01866 |       0.02202 |       0.0239 |       0.018 |      0.02123 |     0.02309 |           180 |   0.0248 |          0.00012 |
|                   diags.radaer |      0.00026 |       0.00034 |      0.00089 |     0.00024 |      0.00033 |     0.00088 |             9 |  0.00039 |            4e-05 |
|                diags.radiation |      0.26206 |       0.59912 |      1.00442 |     0.10236 |      0.10559 |     0.11232 |           360 |  0.12332 |          0.00166 |
|              diags.smagorinsky |      0.00372 |       0.00402 |      0.00448 |       5e-05 |        6e-05 |       9e-05 |           360 |    7e-05 |            1e-05 |
|  dynamics.compute_si_operators |      2.41724 |       2.83188 |      2.92339 |     1.27182 |      1.64251 |     1.76471 |           180 |  1.91826 |          0.01573 |
|       dynamics.phys_predictors |      0.43806 |       1.43252 |      2.75853 |     0.03253 |       0.0407 |     0.05406 |           360 |  0.04754 |          0.00398 |
|               dynamics.rhs_alg |      0.81681 |       1.79044 |      3.41072 |     0.54968 |      0.63116 |     0.68202 |           900 |  0.73712 |          0.00199 |
|               dynamics.rhs_lbc |      0.12024 |       0.12949 |      0.13924 |     0.08081 |      0.09338 |     0.10307 |           180 |  0.10905 |          0.00072 |
|                dynamics.solver |      2.04452 |       2.08505 |      2.12027 |     0.23336 |      0.25119 |     0.26319 |           720 |  0.29336 |           0.0029 |
|             dynamics.transport |      16.2277 |      16.47751 |      18.8383 |     0.66091 |      0.69621 |     0.81726 |           360 |  0.81309 |          0.04577 |
|  dynamics.transport_predictors |      0.25138 |       0.26609 |      0.28384 |     0.00789 |      0.00995 |     0.01221 |           180 |  0.01162 |          0.00148 |
|                       electric |      0.09308 |       0.10215 |      0.11638 |     0.01636 |      0.01991 |     0.02466 |           180 |  0.02325 |          0.00057 |
|                   fast_physics |       5.3127 |       5.95673 |      7.35536 |     0.25021 |      0.50622 |     1.10824 |           360 |  0.59121 |          0.01655 |
|                field.halo_ex_1 |      5.35565 |       8.72945 |      12.8437 |     4.07424 |      7.45075 |     11.5385 |         46335 |  8.70159 |          0.00019 |
|                field.halo_ex_2 |      0.20557 |       0.54249 |      2.51655 |      0.1687 |      0.48497 |     2.45184 |          1986 |  0.56638 |          0.00027 |
|                field.halo_ex_6 |      0.24649 |        0.2591 |      0.28311 |     0.08887 |      0.10059 |     0.12044 |           365 |  0.11748 |          0.00071 |
|                field.halo_ex_7 |      1.06594 |       1.24515 |      1.41089 |     0.92743 |      1.11084 |     1.27649 |          5084 |  1.29733 |          0.00024 |
|                field.halo_ex_8 |      2.39293 |       2.85996 |      2.98414 |     2.33673 |      2.80294 |     2.92688 |         11549 |   3.2735 |          0.00025 |
|               field.initialise |       0.2272 |       0.25441 |      0.27674 |      0.2272 |      0.25441 |     0.27674 |        382052 |  0.29712 |              0.0 |
|                     field.read |      29.0774 |      29.11572 |       29.141 |       2e-05 |        5e-05 |      0.0003 |            62 |    6e-05 |          0.46961 |
|                    field.write |      0.56019 |       1.51604 |      3.66496 |     0.08051 |      0.08515 |     0.09254 |         37951 |  0.09944 |            4e-05 |
|                 fs.constructor |      0.00887 |       0.01447 |      0.01802 |     0.00887 |      0.01447 |     0.01802 |            71 |   0.0169 |           0.0002 |
|      gungho_diagnostics_driver |      1.44214 |       1.56846 |       2.0053 |     0.94886 |      1.16395 |      1.6541 |           181 |  1.35935 |          0.00867 |
|         gungho_driver.finalise |      1.19331 |       1.48326 |      1.49111 |     0.01769 |      0.30791 |       0.319 |             1 |   0.3596 |          1.48326 |
|   gungho_driver.first_timestep |       2.3165 |       2.34178 |      2.38236 |       2e-05 |        4e-05 |     0.00032 |             1 |    4e-05 |          2.34178 |
|       gungho_driver.initialise |      37.3895 |      37.43037 |      37.4561 |     0.74276 |      1.16304 |     1.24288 |             1 |  1.35829 |         37.43037 |
|        gungho_driver.mesh_init |       0.4839 |       0.49184 |      0.49745 |      0.4839 |      0.49184 |     0.49745 |             1 |  0.57441 |          0.49184 |
|         gungho_driver.timestep |      43.4818 |       43.4965 |      43.7855 |     0.00133 |       0.0017 |     0.00227 |           179 |  0.00199 |            0.243 |
|                gungho_timestep |      43.7021 |      44.12262 |      44.2763 |     0.00733 |      0.00828 |     0.00948 |           180 |  0.00967 |          0.24513 |
|          halo_routing_creation |       1.5106 |       1.67428 |      1.87174 |      1.5106 |      1.67428 |     1.87174 |         65319 |  1.95536 |            3e-05 |
|                      init_lbcs |      0.05014 |       0.06313 |       0.0828 |     0.00376 |      0.00952 |     0.03071 |             1 |  0.01112 |          0.06313 |
|                 jules.explicit |      0.14962 |       0.27872 |      0.54451 |      0.1429 |      0.27208 |     0.53788 |           180 |  0.31775 |          0.00155 |
|                    jules.extra |      0.02038 |       0.08671 |      0.22378 |     0.01082 |      0.07706 |     0.21362 |           180 |  0.08999 |          0.00048 |
|                 jules.implicit |      0.25193 |       0.33255 |      0.48768 |     0.24469 |      0.32571 |      0.4805 |           720 |  0.38039 |          0.00046 |
|                jules.radiation |      0.03217 |        0.0466 |      0.06396 |     0.02904 |      0.04299 |     0.06052 |           180 |  0.05021 |          0.00026 |
|                   leonard_term |       0.1221 |       0.31131 |      0.98732 |     0.03584 |      0.04366 |     0.05165 |           180 |  0.05099 |          0.00173 |
|    lfric_xios.finalise_context |      1.17184 |       1.17535 |      1.17629 |       1e-05 |        7e-05 |       9e-05 |             1 |    8e-05 |          1.17535 |
|        lfric_xios.init_context |      0.21911 |       0.27616 |      0.67709 |     0.20674 |      0.26479 |     0.66554 |             1 |  0.30925 |          0.27616 |
|           lfric_xios.read_fldg |      29.0774 |      29.11566 |       29.141 |     29.0678 |     29.10204 |     29.1202 |            62 | 33.98773 |          0.46961 |
|          lfric_xios.write_fldg |      0.47485 |       1.43081 |      3.57843 |     0.47485 |      1.43081 |     3.57843 |           211 |  1.67102 |          0.00678 |
|              locate_tropopause |       0.0043 |       0.00487 |      0.00613 |     0.00377 |      0.00433 |     0.00553 |           180 |  0.00505 |            3e-05 |
|    mappings.map_physics_fields |      1.46862 |       3.60048 |      4.02364 |      1.2575 |      3.28917 |     3.92585 |           181 |  3.84136 |          0.01989 |
|              mappings.set_wind |      0.24116 |       0.32395 |      0.80839 |     0.01807 |      0.03308 |     0.04702 |           180 |  0.03863 |           0.0018 |
|         mass_matrix_solver_alg |      0.66351 |       1.66157 |       2.9934 |      0.3776 |      0.43833 |     0.47466 |          1082 |  0.51192 |          0.00154 |
|             microphysics.casim |      2.18525 |       2.88277 |      3.62833 |     2.17509 |      2.87272 |     3.61846 |           180 |  3.35499 |          0.01602 |
|    microphysics.casim_activate |      0.00375 |       0.00506 |      0.00714 |     0.00259 |      0.00388 |     0.00598 |           181 |  0.00453 |            3e-05 |
|      mixed_solver.schur_precon |      1.71456 |       1.74892 |       1.7821 |     0.00118 |       0.0014 |     0.00178 |           720 |  0.00163 |          0.00243 |
|  pressure_solver.helmholtz_lhs |      1.09406 |       1.12968 |      1.16561 |     0.59929 |      0.63438 |      0.6975 |         19440 |  0.74088 |            6e-05 |
|           radiation.illuminate |      0.01662 |       0.01888 |      0.02233 |     0.01662 |      0.01888 |     0.02233 |           180 |  0.02205 |           0.0001 |
|                   radiation.lw |      0.23126 |       0.37462 |      0.46983 |     0.23126 |      0.37462 |     0.46983 |           180 |  0.43751 |          0.00208 |
|                   radiation.sw |      0.00574 |       0.00988 |      0.01403 |     0.00574 |      0.00988 |     0.01403 |           180 |  0.01154 |            5e-05 |
|       runtime_constants.dycore |      0.14926 |       0.21332 |      0.23334 |     0.14926 |      0.21332 |     0.23334 |            13 |  0.24913 |          0.01641 |
|          runtime_constants.fem |      0.16395 |       0.19469 |       0.2372 |     0.08393 |      0.11556 |     0.13776 |            31 |  0.13496 |          0.00628 |
|    runtime_constants.geometric |      0.13154 |       0.30357 |      0.36664 |     0.02911 |      0.04005 |     0.04594 |            26 |  0.04677 |          0.01168 |
| runtime_constants.limited_area |      0.02448 |       0.03424 |      0.03914 |     0.00133 |      0.00389 |     0.00727 |            15 |  0.00454 |          0.00228 |
|      runtime_constants.mapping |      0.00925 |       0.01143 |       0.0169 |     0.00925 |      0.01143 |      0.0169 |             1 |  0.01335 |          0.01143 |
|      runtime_constants.physics |      0.19576 |       0.20049 |      0.20353 |     0.00032 |      0.00408 |     0.00668 |             1 |  0.00477 |          0.20049 |
|       runtime_constants.solver |      0.00037 |       0.00063 |      0.00165 |     0.00036 |      0.00062 |     0.00164 |            16 |  0.00072 |            4e-05 |
|    runtime_constants.transport |      0.00044 |       0.00104 |      0.00261 |     0.00043 |      0.00103 |     0.00261 |             4 |   0.0012 |          0.00026 |
|          schur_precon.back_sub |      0.15217 |       0.17281 |      0.19075 |     0.04718 |      0.05628 |     0.06389 |           720 |  0.06573 |          0.00024 |
|   schur_precon.pressure_solver |      1.45038 |       1.48709 |      1.52293 |     0.32966 |      0.34997 |     0.35715 |           720 |  0.40872 |          0.00207 |
|               schur_precon.rhs |      0.07573 |       0.08656 |      0.09327 |     0.07458 |      0.08527 |     0.09183 |           720 |  0.09958 |          0.00012 |
|         semi_implicit_timestep |       43.694 |      44.11417 |      44.2671 |     0.66896 |      0.70321 |     0.73004 |           180 |  0.82126 |          0.24508 |
|                   slow_physics |      7.95796 |       8.00202 |      8.09842 |     0.38221 |      0.53125 |     1.21006 |           180 |  0.62044 |          0.04446 |
|                    smagorinsky |      0.81794 |       1.48893 |      2.80716 |     0.17349 |      0.20436 |     0.23344 |           360 |  0.23866 |          0.00414 |
|            solver.mixed_solver |      1.76401 |       1.79583 |      1.82869 |     0.03775 |        0.041 |     0.04561 |           720 |  0.04789 |          0.00249 |
|              stoch_phys.blpert |      0.13892 |        0.6739 |      2.53289 |     0.02978 |      0.03465 |     0.03953 |           360 |  0.04046 |          0.00187 |
|      transport.controller_init |      0.61738 |       0.63983 |      0.67861 |     0.43121 |      0.45978 |     0.55345 |           360 |  0.53697 |          0.00178 |
|      transport.ffsl_horizontal |      2.68212 |       2.84376 |      2.91181 |     0.84071 |      0.86567 |     1.04377 |          2340 |    1.011 |          0.00122 |
|        transport.ffsl_vertical |      0.55479 |       0.70923 |      0.77834 |     0.46647 |      0.61783 |     0.68105 |          7200 |  0.72156 |           0.0001 |
|         transport.flux_precomp |      0.54787 |       0.63974 |      0.67534 |     0.13059 |      0.13548 |     0.14469 |          8460 |  0.15822 |            8e-05 |
|    transport.flux_precomp_init |      0.06335 |       0.06815 |      0.07286 |     0.05794 |       0.0623 |     0.06583 |          3240 |  0.07276 |            2e-05 |
|         transport.hori_dep_pts |      0.39787 |       0.49285 |       0.5265 |     0.08744 |      0.09355 |      0.1049 |          1080 |  0.10926 |          0.00046 |
|        transport.sl_horizontal |      2.55961 |       2.85529 |      2.95654 |     0.41867 |      0.44447 |     0.45988 |          2700 |  0.51908 |          0.00106 |
|          transport.sl_vertical |      0.80518 |       0.85566 |      0.98699 |     0.11994 |       0.1279 |     0.14931 |          2880 |  0.14937 |           0.0003 |
|                 transport.wind |      3.60423 |       3.73402 |      4.05249 |     0.56748 |       0.6559 |     0.98872 |           360 |  0.76602 |          0.01037 |
|         transport.wind_precomp |       0.5476 |       0.59895 |      0.71057 |     0.23436 |      0.25437 |     0.26909 |          2160 |  0.29708 |          0.00028 |
|   transport.wind_precomp_final |      6.62325 |       6.81422 |      9.21241 |     6.62325 |      6.81422 |     9.21241 |          2160 |   7.9582 |          0.00315 |
|    transport.wind_precomp_init |      0.07078 |       0.08305 |       0.1044 |     0.06616 |      0.07746 |     0.09866 |           360 |  0.09047 |          0.00023 |
|                    update_lbcs |      0.16833 |       0.19183 |      0.20351 |     0.15336 |      0.17578 |     0.18752 |           180 |   0.2053 |          0.00107 |
|  xios.close_context_definition |      5.93738 |       5.93889 |      5.97299 |     5.93738 |      5.93889 |     5.97299 |             1 |  6.93592 |          5.93889 |
|          xios.context_finalize |      1.17177 |       1.17528 |      1.17625 |     1.17177 |      1.17528 |     1.17625 |             1 |  1.37258 |          1.17528 |
|           xios.update_calendar |      0.84898 |        0.8707 |       0.9403 |     0.84898 |       0.8707 |      0.9403 |           182 |  1.01688 |          0.00478 |